2022-01-02 19:47:45
Density	Radius	Energy	Rest mass
1.34668374E+13	1.24982500E+01	3.00857424E+52	1.68518540E-02
1.36013711E+15	1.00297324E+01	1.54336489E+54	9.20804034E-01
2.70680738E+15	8.64712988E+00	1.90643385E+54	1.16437892E+00
4.05347765E+15	7.75771289E+00	1.98058211E+54	1.21735801E+00
5.40014792E+15	7.13639551E+00	1.96398699E+54	1.20486003E+00
6.74681819E+15	6.67884473E+00	1.91702540E+54	1.16890070E+00
8.09348845E+15	6.32903027E+00	1.86120747E+54	1.12555732E+00
9.44015872E+15	6.05451465E+00	1.80484611E+54	1.08141295E+00
1.07868290E+16	5.83484863E+00	1.75120275E+54	1.03919476E+00
1.21334993E+16	5.65637061E+00	1.70145213E+54	9.99955700E-01
1.34801695E+16	5.50989160E+00	1.65587113E+54	9.63994757E-01
1.48268398E+16	5.38869116E+00	1.61434931E+54	9.31269743E-01
1.61735101E+16	5.28784546E+00	1.57661835E+54	9.01590369E-01
1.75201803E+16	5.20369287E+00	1.54235767E+54	8.74710716E-01
1.88668506E+16	5.13314014E+00	1.51124302E+54	8.50373641E-01
2.02135209E+16	5.07436084E+00	1.48296791E+54	8.28331565E-01
2.15601912E+16	5.02543506E+00	1.45725203E+54	8.08355431E-01
2.29068614E+16	4.98471387E+00	1.43384327E+54	7.90237736E-01
2.42535317E+16	4.95117236E+00	1.41251685E+54	7.73792632E-01
2.56002020E+16	4.92392236E+00	1.39307313E+54	7.58854661E-01
2.69468722E+16	4.90196387E+00	1.37533504E+54	7.45276919E-01
2.82935425E+16	4.88471777E+00	1.35914547E+54	7.32929075E-01
2.96402128E+16	4.87155371E+00	1.34436476E+54	7.21695436E-01
3.09868830E+16	4.86196094E+00	1.33086856E+54	7.11473164E-01
3.23335533E+16	4.85552832E+00	1.31854580E+54	7.02170673E-01
3.36802236E+16	4.85185693E+00	1.30729708E+54	6.93706220E-01
3.50268938E+16	4.85052246E+00	1.29703312E+54	6.86006669E-01
3.63735641E+16	4.85148340E+00	1.28767351E+54	6.79006417E-01
3.77202344E+16	4.85417285E+00	1.27914568E+54	6.72646473E-01
3.90669047E+16	4.85854248E+00	1.27138386E+54	6.66873651E-01
4.04135749E+16	4.86438672E+00	1.26432835E+54	6.61639882E-01
4.17602452E+16	4.87152832E+00	1.25792480E+54	6.56901613E-01
4.31069155E+16	4.87973437E+00	1.25212360E+54	6.52619295E-01
4.44535857E+16	4.88884619E+00	1.24687937E+54	6.48756927E-01
4.58002560E+16	4.89877100E+00	1.24215051E+54	6.45281674E-01
4.71469263E+16	4.90948486E+00	1.23789882E+54	6.42163524E-01
4.84935965E+16	4.92071436E+00	1.23408911E+54	6.39374996E-01
4.98402668E+16	4.93242871E+00	1.23068897E+54	6.36890877E-01
5.11869371E+16	4.94456738E+00	1.22766845E+54	6.34688001E-01
5.25336074E+16	4.95708545E+00	1.22499987E+54	6.32745048E-01
5.38802776E+16	4.96992236E+00	1.22265758E+54	6.31042369E-01
5.52269479E+16	4.98286670E+00	1.22061782E+54	6.29561831E-01
5.65736182E+16	4.99599121E+00	1.21885853E+54	6.28286679E-01
5.79202884E+16	5.00938232E+00	1.21735922E+54	6.27201415E-01
5.92669587E+16	5.02248242E+00	1.21610082E+54	6.26291692E-01
6.06136290E+16	5.03585498E+00	1.21506561E+54	6.25544209E-01
6.19602992E+16	5.04905225E+00	1.21423708E+54	6.24946635E-01
6.33069695E+16	5.06227588E+00	1.21359984E+54	6.24487521E-01
6.46536398E+16	5.07549463E+00	1.21313957E+54	6.24156234E-01
6.60003100E+16	5.08846387E+00	1.21284289E+54	6.23942895E-01
6.73469803E+16	5.10146143E+00	1.21269733E+54	6.23838316E-01
6.86936506E+16	5.11412256E+00	1.21269126E+54	6.23833952E-01
7.00403209E+16	5.12674072E+00	1.21281382E+54	6.23921853E-01
7.13869911E+16	5.13910937E+00	1.21305487E+54	6.24094616E-01
7.27336614E+16	5.15143848E+00	1.21340495E+54	6.24345354E-01
7.40803317E+16	5.16344434E+00	1.21385522E+54	6.24667648E-01
7.54270019E+16	5.17513184E+00	1.21439744E+54	6.25055523E-01
7.67736722E+16	5.18674902E+00	1.21502391E+54	6.25503414E-01
7.81203425E+16	5.19808838E+00	1.21572744E+54	6.26006135E-01
7.94670127E+16	5.20938232E+00	1.21650132E+54	6.26558858E-01
8.08136830E+16	5.22008838E+00	1.21733929E+54	6.27157084E-01
8.21603533E+16	5.23074561E+00	1.21823551E+54	6.27796623E-01
8.35070236E+16	5.24111035E+00	1.21918453E+54	6.28473573E-01
8.48536938E+16	5.25142236E+00	1.22018127E+54	6.29184300E-01
8.62003641E+16	5.26138184E+00	1.22122097E+54	6.29925422E-01
8.75470344E+16	5.27088867E+00	1.22229923E+54	6.30693789E-01
8.88937046E+16	5.28034473E+00	1.22341193E+54	6.31486471E-01
9.02403749E+16	5.28955273E+00	1.22455524E+54	6.32300741E-01
9.15870452E+16	5.29846484E+00	1.22572557E+54	6.33134065E-01
9.29337154E+16	5.30738916E+00	1.22691961E+54	6.33984084E-01
9.42803857E+16	5.31573975E+00	1.22813427E+54	6.34848609E-01
9.56270560E+16	5.32396338E+00	1.22936667E+54	6.35725603E-01
9.69737262E+16	5.33198145E+00	1.23061413E+54	6.36613177E-01
9.83203965E+16	5.33984473E+00	1.23187418E+54	6.37509578E-01
9.96670668E+16	5.34744287E+00	1.23314452E+54	6.38413179E-01
1.01013737E+17	5.35474414E+00	1.23442300E+54	6.39322473E-01
1.02360407E+17	5.36192334E+00	1.23570765E+54	6.40236062E-01
1.03707078E+17	5.36885742E+00	1.23699663E+54	6.41152655E-01
1.05053748E+17	5.37569043E+00	1.23828824E+54	6.42071054E-01
1.06400418E+17	5.38211426E+00	1.23958091E+54	6.42990157E-01
1.07747088E+17	5.38846338E+00	1.24087320E+54	6.43908941E-01
1.09093759E+17	5.39468994E+00	1.24216377E+54	6.44826467E-01
1.10440429E+17	5.40056543E+00	1.24345138E+54	6.45741868E-01
1.11787099E+17	5.40637402E+00	1.24473491E+54	6.46654345E-01
1.13133769E+17	5.41199219E+00	1.24601329E+54	6.47563165E-01
1.14480440E+17	5.41748242E+00	1.24728559E+54	6.48467656E-01
1.15827110E+17	5.42271484E+00	1.24855091E+54	6.49367201E-01
1.17173780E+17	5.42784473E+00	1.24980847E+54	6.50261235E-01
1.18520451E+17	5.43273145E+00	1.25105752E+54	6.51149246E-01
1.19867121E+17	5.43752246E+00	1.25229740E+54	6.52030762E-01
1.21213791E+17	5.44209424E+00	1.25352750E+54	6.52905359E-01
1.22560461E+17	5.44654687E+00	1.25474727E+54	6.53772650E-01
1.23907132E+17	5.45092725E+00	1.25595621E+54	6.54632285E-01
1.25253802E+17	5.45505664E+00	1.25715388E+54	6.55483951E-01
1.26600472E+17	5.45909814E+00	1.25833987E+54	6.56327364E-01
1.27947142E+17	5.46301270E+00	1.25951383E+54	6.57162274E-01
1.29293813E+17	5.46684521E+00	1.26067544E+54	6.57988456E-01
1.30640483E+17	5.47046094E+00	1.26182442E+54	6.58805713E-01
1.31987153E+17	5.47399414E+00	1.26296051E+54	6.59613870E-01
1.33333824E+17	5.47746680E+00	1.26408352E+54	6.60412777E-01
1.34680494E+17	5.48071582E+00	1.26519324E+54	6.61202304E-01
1.36027164E+17	5.48388477E+00	1.26628953E+54	6.61982340E-01
1.37373834E+17	5.48692822E+00	1.26737225E+54	6.62752794E-01
1.38720505E+17	5.48992187E+00	1.26844130E+54	6.63513589E-01
1.40067175E+17	5.49274219E+00	1.26949660E+54	6.64264667E-01
1.41413845E+17	5.49552148E+00	1.27053807E+54	6.65005981E-01
1.42760515E+17	5.49811963E+00	1.27156568E+54	6.65737500E-01
1.44107186E+17	5.50071680E+00	1.27257940E+54	6.66459204E-01
1.45453856E+17	5.50312061E+00	1.27357923E+54	6.67171086E-01
1.46800526E+17	5.50555322E+00	1.27456515E+54	6.67873147E-01
1.48147196E+17	5.50785645E+00	1.27553720E+54	6.68565400E-01
1.49493867E+17	5.51000439E+00	1.27649540E+54	6.69247867E-01
1.50840537E+17	5.51210937E+00	1.27743980E+54	6.69920578E-01
1.52187207E+17	5.51413867E+00	1.27837045E+54	6.70583568E-01
1.53533878E+17	5.51610596E+00	1.27928741E+54	6.71236884E-01
1.54880548E+17	5.51799707E+00	1.28019077E+54	6.71880575E-01
1.56227218E+17	5.51985645E+00	1.28108060E+54	6.72514699E-01
1.57573888E+17	5.52156445E+00	1.28195699E+54	6.73139317E-01
1.58920559E+17	5.52338477E+00	1.28282003E+54	6.73754497E-01
1.60267229E+17	5.52484473E+00	1.28366984E+54	6.74360309E-01
1.61613899E+17	5.52635498E+00	1.28450651E+54	6.74956830E-01
1.62960569E+17	5.52785840E+00	1.28533017E+54	6.75544137E-01
1.64307240E+17	5.52938135E+00	1.28614093E+54	6.76122315E-01
1.65653910E+17	5.53054492E+00	1.28693891E+54	6.76691448E-01
1.67000580E+17	5.53188770E+00	1.28772424E+54	6.77251623E-01
1.68347251E+17	5.53306982E+00	1.28849705E+54	6.77802933E-01
1.69693921E+17	5.53425732E+00	1.28925747E+54	6.78345468E-01
1.71040591E+17	5.53547217E+00	1.29000564E+54	6.78879323E-01
1.72387261E+17	5.53646875E+00	1.29074169E+54	6.79404595E-01
1.73733932E+17	5.53754492E+00	1.29146576E+54	6.79921380E-01
1.75080602E+17	5.53847266E+00	1.29217799E+54	6.80429776E-01
1.76427272E+17	5.53948242E+00	1.29287853E+54	6.80929883E-01
1.77773942E+17	5.54028223E+00	1.29356752E+54	6.81421802E-01
1.79120613E+17	5.54112012E+00	1.29424511E+54	6.81905633E-01
1.80467283E+17	5.54196533E+00	1.29491142E+54	6.82381477E-01
1.81813953E+17	5.54272998E+00	1.29556663E+54	6.82849436E-01
1.83160623E+17	5.54348340E+00	1.29621086E+54	6.83309612E-01
1.84507294E+17	5.54409229E+00	1.29684426E+54	6.83762107E-01
1.85853964E+17	5.54474854E+00	1.29746698E+54	6.84207022E-01
1.87200634E+17	5.54543555E+00	1.29807917E+54	6.84644460E-01
1.88547305E+17	5.54593457E+00	1.29868096E+54	6.85074522E-01
1.89893975E+17	5.54643506E+00	1.29927251E+54	6.85497309E-01
1.91240645E+17	5.54693848E+00	1.29985395E+54	6.85912923E-01
1.92587315E+17	5.54747998E+00	1.30042544E+54	6.86321463E-01
1.93933986E+17	5.54787500E+00	1.30098711E+54	6.86723029E-01
1.95280656E+17	5.54823340E+00	1.30153910E+54	6.87117722E-01
1.96627326E+17	5.54868994E+00	1.30208155E+54	6.87505639E-01
1.97973996E+17	5.54896436E+00	1.30261461E+54	6.87886879E-01
1.99320667E+17	5.54942187E+00	1.30313841E+54	6.88261538E-01
2.00667337E+17	5.54968994E+00	1.30365309E+54	6.88629714E-01
2.02014007E+17	5.54987402E+00	1.30415879E+54	6.88991501E-01
2.03360678E+17	5.55006982E+00	1.30465563E+54	6.89346995E-01
2.04707348E+17	5.55027246E+00	1.30514376E+54	6.89696289E-01
2.06054018E+17	5.55046973E+00	1.30562330E+54	6.90039476E-01
2.07400688E+17	5.55069531E+00	1.30609439E+54	6.90376648E-01
2.08747359E+17	5.55084619E+00	1.30655715E+54	6.90707897E-01
2.10094029E+17	5.55092773E+00	1.30701171E+54	6.91033312E-01
2.11440699E+17	5.55100195E+00	1.30745821E+54	6.91352982E-01
2.12787369E+17	5.55108545E+00	1.30789676E+54	6.91666995E-01
2.14134040E+17	5.55113232E+00	1.30832748E+54	6.91975439E-01
2.15480710E+17	5.55138477E+00	1.30875051E+54	6.92278399E-01
2.16827380E+17	5.55138184E+00	1.30916595E+54	6.92575959E-01
2.18174051E+17	5.55138184E+00	1.30957394E+54	6.92868204E-01
2.19520721E+17	5.55138135E+00	1.30997458E+54	6.93155217E-01
2.20867391E+17	5.55139160E+00	1.31036799E+54	6.93437079E-01
2.22214061E+17	5.55111963E+00	1.31075428E+54	6.93713870E-01
2.23560732E+17	5.55106006E+00	1.31113357E+54	6.93985671E-01
2.24907402E+17	5.55099414E+00	1.31150598E+54	6.94252559E-01
2.26254072E+17	5.55092725E+00	1.31187160E+54	6.94514613E-01
2.27600742E+17	5.55084521E+00	1.31223055E+54	6.94771908E-01
2.28947413E+17	5.55071826E+00	1.31258293E+54	6.95024519E-01
2.30294083E+17	5.55052979E+00	1.31292885E+54	6.95272522E-01
2.31640753E+17	5.55042236E+00	1.31326841E+54	6.95515988E-01
2.32987423E+17	5.55023486E+00	1.31360172E+54	6.95754991E-01
2.34334094E+17	5.55006836E+00	1.31392887E+54	6.95989600E-01
2.35680764E+17	5.54992773E+00	1.31424996E+54	6.96219887E-01
2.37027434E+17	5.54974707E+00	1.31456510E+54	6.96445920E-01
2.38374105E+17	5.54952979E+00	1.31487437E+54	6.96667767E-01
2.39720775E+17	5.54939600E+00	1.31517787E+54	6.96885495E-01
2.41067445E+17	5.54902637E+00	1.31547570E+54	6.97099169E-01
2.42414115E+17	5.54884570E+00	1.31576794E+54	6.97308856E-01
2.43760786E+17	5.54854248E+00	1.31605469E+54	6.97514619E-01
2.45107456E+17	5.54828369E+00	1.31633604E+54	6.97716521E-01
2.46454126E+17	5.54804248E+00	1.31661207E+54	6.97914623E-01
2.47800796E+17	5.54784473E+00	1.31688286E+54	6.98108988E-01
2.49147467E+17	5.54752539E+00	1.31714852E+54	6.98299674E-01
2.50494137E+17	5.54739014E+00	1.31740910E+54	6.98486742E-01
2.51840807E+17	5.54689160E+00	1.31766471E+54	6.98670250E-01
2.53187478E+17	5.54656055E+00	1.31791542E+54	6.98850255E-01
2.54534148E+17	5.54625488E+00	1.31816131E+54	6.99026813E-01
2.55880818E+17	5.54596826E+00	1.31840246E+54	6.99199980E-01
2.57227488E+17	5.54571289E+00	1.31863895E+54	6.99369811E-01
2.58574159E+17	5.54542187E+00	1.31887084E+54	6.99536359E-01
2.59920829E+17	5.54494482E+00	1.31909822E+54	6.99699678E-01
2.61267499E+17	5.54458545E+00	1.31932116E+54	6.99859820E-01
2.62614169E+17	5.54423975E+00	1.31953974E+54	7.00016836E-01
2.63960840E+17	5.54392773E+00	1.31975401E+54	7.00170776E-01
2.65307510E+17	5.54355957E+00	1.31996406E+54	7.00321690E-01
2.66654180E+17	5.54313086E+00	1.32016995E+54	7.00469628E-01
2.68000850E+17	5.54278320E+00	1.32037175E+54	7.00614636E-01
2.69347521E+17	5.54242285E+00	1.32056953E+54	7.00756764E-01
2.70694191E+17	5.54202246E+00	1.32076335E+54	7.00896056E-01
2.72040861E+17	5.54171533E+00	1.32095327E+54	7.01032559E-01
2.73387532E+17	5.54138477E+00	1.32113936E+54	7.01166319E-01
2.74734202E+17	5.54086475E+00	1.32132169E+54	7.01297378E-01
2.76080872E+17	5.54043799E+00	1.32150031E+54	7.01425782E-01
2.77427542E+17	5.54004248E+00	1.32167528E+54	7.01551572E-01
2.78774213E+17	5.53971533E+00	1.32184666E+54	7.01674792E-01
2.80120883E+17	5.53938135E+00	1.32201451E+54	7.01795482E-01
2.81467553E+17	5.53884521E+00	1.32217890E+54	7.01913684E-01
2.82814223E+17	5.53838232E+00	1.32233986E+54	7.02029437E-01
2.84160894E+17	5.53798242E+00	1.32249747E+54	7.02142782E-01
2.85507564E+17	5.53758545E+00	1.32265177E+54	7.02253757E-01
2.86854234E+17	5.53709668E+00	1.32280282E+54	7.02362401E-01
2.88200905E+17	5.53671973E+00	1.32295068E+54	7.02468750E-01
2.89547575E+17	5.53624512E+00	1.32309538E+54	7.02572843E-01
2.90894245E+17	5.53586719E+00	1.32323699E+54	7.02674715E-01
2.92240915E+17	5.53546582E+00	1.32337556E+54	7.02774403E-01
2.93587586E+17	5.53496289E+00	1.32351113E+54	7.02871941E-01
2.94934256E+17	5.53449463E+00	1.32364375E+54	7.02967365E-01
2.96280926E+17	5.53406250E+00	1.32377348E+54	7.03060708E-01
2.97627596E+17	5.53371338E+00	1.32390035E+54	7.03152004E-01
2.98974267E+17	5.53317187E+00	1.32402442E+54	7.03241286E-01
3.00320937E+17	5.53274658E+00	1.32414572E+54	7.03328586E-01
3.01667607E+17	5.53226465E+00	1.32426431E+54	7.03413937E-01
3.03014277E+17	5.53187207E+00	1.32438023E+54	7.03497370E-01
3.04360948E+17	5.53146387E+00	1.32449352E+54	7.03578916E-01
3.05707618E+17	5.53093408E+00	1.32460422E+54	7.03658605E-01
3.07054288E+17	5.53046680E+00	1.32471238E+54	7.03736466E-01
3.08400959E+17	5.53002246E+00	1.32481804E+54	7.03812531E-01
3.09747629E+17	5.52969043E+00	1.32492124E+54	7.03886826E-01
3.11094299E+17	5.52909082E+00	1.32502201E+54	7.03959382E-01
3.12440969E+17	5.52871143E+00	1.32512040E+54	7.04030226E-01
3.13787640E+17	5.52818750E+00	1.32521645E+54	7.04099385E-01
3.15134310E+17	5.52777295E+00	1.32531019E+54	7.04166887E-01
3.16480980E+17	5.52742725E+00	1.32540166E+54	7.04232758E-01
3.17827650E+17	5.52684814E+00	1.32549090E+54	7.04297024E-01
3.19174321E+17	5.52636475E+00	1.32557794E+54	7.04359712E-01
3.20520991E+17	5.52592920E+00	1.32566282E+54	7.04420846E-01
3.21867661E+17	5.52549414E+00	1.32574557E+54	7.04480452E-01
3.23214332E+17	5.52496973E+00	1.32582624E+54	7.04538555E-01
3.24561002E+17	5.52449707E+00	1.32590484E+54	7.04595178E-01
3.25907672E+17	5.52405225E+00	1.32598142E+54	7.04650345E-01
3.27254342E+17	5.52369336E+00	1.32605601E+54	7.04704079E-01
3.28601013E+17	5.52310840E+00	1.32612864E+54	7.04756405E-01
3.29947683E+17	5.52271338E+00	1.32619934E+54	7.04807343E-01
3.31294353E+17	5.52221045E+00	1.32626815E+54	7.04856917E-01
3.32641023E+17	5.52178076E+00	1.32633508E+54	7.04905149E-01
3.33987694E+17	5.52142187E+00	1.32640019E+54	7.04952060E-01
3.35334364E+17	5.52085596E+00	1.32646348E+54	7.04997671E-01
3.36681034E+17	5.52036768E+00	1.32652500E+54	7.05042003E-01
3.38027704E+17	5.51993457E+00	1.32658477E+54	7.05085078E-01
3.39374375E+17	5.51950000E+00	1.32664282E+54	7.05126914E-01
3.40721045E+17	5.51898242E+00	1.32669918E+54	7.05167532E-01
3.42067715E+17	5.51851025E+00	1.32675387E+54	7.05206951E-01
3.43414386E+17	5.51806592E+00	1.32680692E+54	7.05245191E-01
3.44761056E+17	5.51771045E+00	1.32685837E+54	7.05282271E-01
3.46107726E+17	5.51713086E+00	1.32690822E+54	7.05318210E-01
3.47454396E+17	5.51673096E+00	1.32695652E+54	7.05353025E-01
3.48801067E+17	5.51623486E+00	1.32700328E+54	7.05386734E-01
3.50147737E+17	5.51585498E+00	1.32704853E+54	7.05419357E-01
3.51494407E+17	5.51543506E+00	1.32709229E+54	7.05450909E-01
3.52841077E+17	5.51488721E+00	1.32713460E+54	7.05481408E-01
3.54187748E+17	5.51443213E+00	1.32717546E+54	7.05510872E-01
3.55534418E+17	5.51399121E+00	1.32721491E+54	7.05539317E-01
3.56881088E+17	5.51356152E+00	1.32725297E+54	7.05566759E-01
3.58227759E+17	5.51305811E+00	1.32728966E+54	7.05593214E-01
3.59574429E+17	5.51269092E+00	1.32732500E+54	7.05618699E-01
3.60921099E+17	5.51218213E+00	1.32735901E+54	7.05643228E-01
3.62267769E+17	5.51177344E+00	1.32739172E+54	7.05666818E-01
3.63614440E+17	5.51142187E+00	1.32742315E+54	7.05689484E-01
3.64961110E+17	5.51086475E+00	1.32745332E+54	7.05711240E-01
3.66307780E+17	5.51039160E+00	1.32748224E+54	7.05732101E-01
3.67654450E+17	5.50997314E+00	1.32750994E+54	7.05752081E-01
3.69001121E+17	5.50955273E+00	1.32753644E+54	7.05771196E-01
3.70347791E+17	5.50905469E+00	1.32756176E+54	7.05789458E-01
3.71694461E+17	5.50869238E+00	1.32758592E+54	7.05806881E-01
3.73041132E+17	5.50818994E+00	1.32760893E+54	7.05823480E-01
3.74387802E+17	5.50784619E+00	1.32763081E+54	7.05839267E-01
3.75734472E+17	5.50742969E+00	1.32765159E+54	7.05854256E-01
3.77081142E+17	5.50689014E+00	1.32767128E+54	7.05868459E-01
3.78427813E+17	5.50644531E+00	1.32768989E+54	7.05881889E-01
3.79774483E+17	5.50602393E+00	1.32770745E+54	7.05894560E-01
3.81121153E+17	5.50569336E+00	1.32772398E+54	7.05906482E-01
3.82467823E+17	5.50513525E+00	1.32773948E+54	7.05917669E-01
3.83814494E+17	5.50474707E+00	1.32775398E+54	7.05928131E-01
3.85161164E+17	5.50428564E+00	1.32776750E+54	7.05937882E-01
3.86507834E+17	5.50392236E+00	1.32778004E+54	7.05946933E-01
3.87854504E+17	5.50350488E+00	1.32779163E+54	7.05955294E-01
3.89201175E+17	5.50301416E+00	1.32780227E+54	7.05962977E-01
3.90547845E+17	5.50269287E+00	1.32781200E+54	7.05969994E-01
3.91894515E+17	5.50218457E+00	1.32782081E+54	7.05976355E-01
3.93241186E+17	5.50184473E+00	1.32782873E+54	7.05982071E-01
3.94587856E+17	5.50143994E+00	1.32783577E+54	7.05987152E-01
3.95934526E+17	5.50093652E+00	1.32784195E+54	7.05991609E-01
3.97281196E+17	5.50050049E+00	1.32784727E+54	7.05995452E-01
3.98627867E+17	5.50010498E+00	1.32785176E+54	7.05998691E-01
3.99974537E+17	5.49974561E+00	1.32785543E+54	7.06001336E-01
4.01321207E+17	5.49942187E+00	1.32785828E+54	7.06003397E-01
4.02667877E+17	5.49887842E+00	1.32786034E+54	7.06004884E-01
4.04014548E+17	5.49846338E+00	1.32786162E+54	7.06005805E-01
4.05361218E+17	5.49805469E+00	1.32786212E+54	7.06006170E-01
4.06707888E+17	5.49772217E+00	1.32786187E+54	7.06005989E-01
4.08054559E+17	5.49738623E+00	1.32786088E+54	7.06005270E-01
4.09401229E+17	5.49686523E+00	1.32785915E+54	7.06004022E-01
4.10747899E+17	5.49643848E+00	1.32785670E+54	7.06002255E-01
4.12094569E+17	5.49604590E+00	1.32785354E+54	7.05999976E-01
4.13441240E+17	5.49572021E+00	1.32784969E+54	7.05997194E-01
4.14787910E+17	5.49538721E+00	1.32784515E+54	7.05993918E-01
4.16134580E+17	5.49487012E+00	1.32783994E+54	7.05990156E-01
4.17481250E+17	5.49446094E+00	1.32783407E+54	7.05985916E-01
4.18827921E+17	5.49406592E+00	1.32782754E+54	7.05981205E-01
4.20174591E+17	5.49374023E+00	1.32782038E+54	7.05976032E-01
4.21521261E+17	5.49342187E+00	1.32781259E+54	7.05970405E-01
4.22867931E+17	5.49292236E+00	1.32780417E+54	7.05964331E-01
4.24214602E+17	5.49250049E+00	1.32779515E+54	7.05957818E-01
4.25561272E+17	5.49212451E+00	1.32778553E+54	7.05950872E-01
4.26907942E+17	5.49178418E+00	1.32777533E+54	7.05943502E-01
4.28254613E+17	5.49146045E+00	1.32776454E+54	7.05935715E-01
4.29601283E+17	5.49098340E+00	1.32775319E+54	7.05927517E-01
4.30947953E+17	5.49069092E+00	1.32774128E+54	7.05918916E-01
4.32294623E+17	5.49022998E+00	1.32772882E+54	7.05909919E-01
4.33641294E+17	5.48988867E+00	1.32771582E+54	7.05900531E-01
4.34987964E+17	5.48952832E+00	1.32770230E+54	7.05890761E-01
4.36334634E+17	5.48909375E+00	1.32768825E+54	7.05880614E-01
4.37681304E+17	5.48875342E+00	1.32767368E+54	7.05870096E-01
4.39027975E+17	5.48837305E+00	1.32765862E+54	7.05859216E-01
4.40374645E+17	5.48801074E+00	1.32764306E+54	7.05847977E-01
4.41721315E+17	5.48771729E+00	1.32762701E+54	7.05836387E-01
4.43067986E+17	5.48742334E+00	1.32761049E+54	7.05824452E-01
4.44414656E+17	5.48692773E+00	1.32759349E+54	7.05812178E-01
4.45761326E+17	5.48652930E+00	1.32757604E+54	7.05799571E-01
4.47107996E+17	5.48618652E+00	1.32755813E+54	7.05786636E-01
4.48454667E+17	5.48587207E+00	1.32753978E+54	7.05773379E-01
4.49801337E+17	5.48552148E+00	1.32752099E+54	7.05759806E-01
4.51148007E+17	5.48510498E+00	1.32750177E+54	7.05745923E-01
4.52494677E+17	5.48477197E+00	1.32748213E+54	7.05731734E-01
4.53841348E+17	5.48442285E+00	1.32746207E+54	7.05717245E-01
4.55188018E+17	5.48406006E+00	1.32744160E+54	7.05702463E-01
4.56534688E+17	5.48375830E+00	1.32742074E+54	7.05687391E-01
4.57881358E+17	5.48346045E+00	1.32739948E+54	7.05672035E-01
4.59228029E+17	5.48300537E+00	1.32737784E+54	7.05656400E-01
4.60574699E+17	5.48271533E+00	1.32735582E+54	7.05640491E-01
4.61921369E+17	5.48234814E+00	1.32733343E+54	7.05624312E-01
4.63268040E+17	5.48199805E+00	1.32731067E+54	7.05607870E-01
4.64614710E+17	5.48172119E+00	1.32728755E+54	7.05591169E-01
4.65961380E+17	5.48142773E+00	1.32726408E+54	7.05574212E-01
4.67308050E+17	5.48096973E+00	1.32724026E+54	7.05557006E-01
4.68654721E+17	5.48069287E+00	1.32721611E+54	7.05539554E-01
4.70001391E+17	5.48028467E+00	1.32719162E+54	7.05521862E-01
4.71348061E+17	5.47998437E+00	1.32716681E+54	7.05503932E-01
4.72694731E+17	5.47971729E+00	1.32714167E+54	7.05485771E-01
4.74041402E+17	5.47942773E+00	1.32711622E+54	7.05467382E-01
4.75388072E+17	5.47897998E+00	1.32709046E+54	7.05448769E-01
4.76734742E+17	5.47871045E+00	1.32706440E+54	7.05429936E-01
4.78081413E+17	5.47834717E+00	1.32703804E+54	7.05410889E-01
4.79428083E+17	5.47801074E+00	1.32701138E+54	7.05391630E-01
4.80774753E+17	5.47774121E+00	1.32698444E+54	7.05372164E-01
4.82121423E+17	5.47744727E+00	1.32695722E+54	7.05352495E-01
4.83468094E+17	5.47702637E+00	1.32692973E+54	7.05332626E-01
4.84814764E+17	5.47674414E+00	1.32690196E+54	7.05312562E-01
4.86161434E+17	5.47642187E+00	1.32687393E+54	7.05292306E-01
4.87508104E+17	5.47609229E+00	1.32684564E+54	7.05271861E-01
4.88854775E+17	5.47584668E+00	1.32681709E+54	7.05251233E-01
4.90201445E+17	5.47551514E+00	1.32678829E+54	7.05230423E-01
4.91548115E+17	5.47513184E+00	1.32675925E+54	7.05209437E-01
4.92894785E+17	5.47486621E+00	1.32672997E+54	7.05188276E-01
4.94241456E+17	5.47452148E+00	1.32670046E+54	7.05166945E-01
4.95588126E+17	5.47422998E+00	1.32667071E+54	7.05145447E-01
4.96934796E+17	5.47396045E+00	1.32664073E+54	7.05123786E-01
4.98281467E+17	5.47371387E+00	1.32661054E+54	7.05101964E-01
4.99628137E+17	5.47343164E+00	1.32658013E+54	7.05079986E-01
5.00974807E+17	5.47300830E+00	1.32654950E+54	7.05057853E-01
5.02321477E+17	5.47274219E+00	1.32651867E+54	7.05035570E-01
5.03668148E+17	5.47242871E+00	1.32648764E+54	7.05013140E-01
5.05014818E+17	5.47212207E+00	1.32645640E+54	7.04990565E-01
5.06361488E+17	5.47187354E+00	1.32642497E+54	7.04967848E-01
5.07708158E+17	5.47157080E+00	1.32639335E+54	7.04944993E-01
5.09054829E+17	5.47138623E+00	1.32636154E+54	7.04922002E-01
5.10401499E+17	5.47096289E+00	1.32632954E+54	7.04898879E-01
5.11748169E+17	5.47071338E+00	1.32629737E+54	7.04875626E-01
5.13094840E+17	5.47037744E+00	1.32626502E+54	7.04852246E-01
5.14441510E+17	5.47009229E+00	1.32623250E+54	7.04828742E-01
5.15788180E+17	5.46985937E+00	1.32619982E+54	7.04805116E-01
5.17134850E+17	5.46955957E+00	1.32616697E+54	7.04781371E-01
5.18481521E+17	5.46938525E+00	1.32613396E+54	7.04757510E-01
5.19828191E+17	5.46896387E+00	1.32610079E+54	7.04733536E-01
5.21174861E+17	5.46871729E+00	1.32606747E+54	7.04709450E-01
5.22521531E+17	5.46842725E+00	1.32603399E+54	7.04685256E-01
5.23868202E+17	5.46811963E+00	1.32600038E+54	7.04660956E-01
5.25214872E+17	5.46788184E+00	1.32596662E+54	7.04636553E-01
5.26561542E+17	5.46769043E+00	1.32593271E+54	7.04612049E-01
5.27908213E+17	5.46742725E+00	1.32589868E+54	7.04587445E-01
5.29254883E+17	5.46701416E+00	1.32586451E+54	7.04562746E-01
5.30601553E+17	5.46676562E+00	1.32583021E+54	7.04537952E-01
5.31948223E+17	5.46648145E+00	1.32579578E+54	7.04513067E-01
5.33294894E+17	5.46621680E+00	1.32576123E+54	7.04488092E-01
5.34641564E+17	5.46597217E+00	1.32572656E+54	7.04463030E-01
5.35988234E+17	5.46574512E+00	1.32569178E+54	7.04437882E-01
5.37334904E+17	5.46549023E+00	1.32565687E+54	7.04412652E-01
5.38681575E+17	5.46513770E+00	1.32562186E+54	7.04387341E-01
5.40028245E+17	5.46492236E+00	1.32558674E+54	7.04361951E-01
5.41374915E+17	5.46469385E+00	1.32555151E+54	7.04336484E-01
5.42721585E+17	5.46437939E+00	1.32551618E+54	7.04310943E-01
5.44068256E+17	5.46411963E+00	1.32548075E+54	7.04285329E-01
5.45414926E+17	5.46392236E+00	1.32544522E+54	7.04259645E-01
5.46761596E+17	5.46371094E+00	1.32540959E+54	7.04233892E-01
5.48108267E+17	5.46344482E+00	1.32537388E+54	7.04208072E-01
5.49454937E+17	5.46309082E+00	1.32533807E+54	7.04182187E-01
5.50801607E+17	5.46287012E+00	1.32530218E+54	7.04156238E-01
5.52148277E+17	5.46269434E+00	1.32526620E+54	7.04130229E-01
5.53494948E+17	5.46236475E+00	1.32523014E+54	7.04104160E-01
5.54841618E+17	5.46210693E+00	1.32519400E+54	7.04078034E-01
5.56188288E+17	5.46189111E+00	1.32515779E+54	7.04051851E-01
5.57534958E+17	5.46171143E+00	1.32512150E+54	7.04025615E-01
5.58881629E+17	5.46146143E+00	1.32508513E+54	7.03999326E-01
5.60228299E+17	5.46110986E+00	1.32504870E+54	7.03972986E-01
5.61574969E+17	5.46089160E+00	1.32501220E+54	7.03946597E-01
5.62921640E+17	5.46069775E+00	1.32497563E+54	7.03920160E-01
5.64268310E+17	5.46042187E+00	1.32493900E+54	7.03893678E-01
5.65614980E+17	5.46017773E+00	1.32490231E+54	7.03867151E-01
5.66961650E+17	5.45996289E+00	1.32486556E+54	7.03840581E-01
5.68308321E+17	5.45975000E+00	1.32482875E+54	7.03813970E-01
5.69654991E+17	5.45951367E+00	1.32479189E+54	7.03787319E-01
5.71001661E+17	5.45938232E+00	1.32475498E+54	7.03760630E-01
5.72348331E+17	5.45899121E+00	1.32471801E+54	7.03733905E-01
5.73695002E+17	5.45877393E+00	1.32468100E+54	7.03707144E-01
5.75041672E+17	5.45852100E+00	1.32464394E+54	7.03680348E-01
5.76388342E+17	5.45834570E+00	1.32460683E+54	7.03653521E-01
5.77735012E+17	5.45808643E+00	1.32456969E+54	7.03626662E-01
5.79081683E+17	5.45788770E+00	1.32453250E+54	7.03599773E-01
5.80428353E+17	5.45771533E+00	1.32449527E+54	7.03572856E-01
5.81775023E+17	5.45747998E+00	1.32445800E+54	7.03545912E-01
5.83121694E+17	5.45742236E+00	1.32442070E+54	7.03518942E-01
5.84468364E+17	5.45696436E+00	1.32438336E+54	7.03491948E-01
5.85815034E+17	5.45675342E+00	1.32434600E+54	7.03464930E-01
5.87161704E+17	5.45650488E+00	1.32430860E+54	7.03437890E-01
5.88508375E+17	5.45628564E+00	1.32427117E+54	7.03410829E-01
5.89855045E+17	5.45608887E+00	1.32423372E+54	7.03383749E-01
5.91201715E+17	5.45592187E+00	1.32419624E+54	7.03356650E-01
5.92548385E+17	5.45572998E+00	1.32415874E+54	7.03329534E-01
5.93895056E+17	5.45549805E+00	1.32412121E+54	7.03302402E-01
5.95241726E+17	5.45538232E+00	1.32408367E+54	7.03275255E-01
5.96588396E+17	5.45500293E+00	1.32404610E+54	7.03248094E-01
5.97935067E+17	5.45484570E+00	1.32400852E+54	7.03220921E-01
5.99281737E+17	5.45457275E+00	1.32397093E+54	7.03193736E-01
6.00628407E+17	5.45438232E+00	1.32393331E+54	7.03166540E-01
6.01975077E+17	5.45418018E+00	1.32389569E+54	7.03139334E-01
6.03321748E+17	5.45398633E+00	1.32385805E+54	7.03112121E-01
6.04668418E+17	5.45384473E+00	1.32382040E+54	7.03084899E-01
6.06015088E+17	5.45369043E+00	1.32378275E+54	7.03057672E-01
6.07361758E+17	5.45344482E+00	1.32374509E+54	7.03030438E-01
6.08708429E+17	5.45313184E+00	1.32370742E+54	7.03003201E-01
6.10055099E+17	5.45296094E+00	1.32366974E+54	7.02975959E-01
6.11401769E+17	5.45276318E+00	1.32363206E+54	7.02948716E-01
6.12748439E+17	5.45253369E+00	1.32359438E+54	7.02921470E-01
6.14095110E+17	5.45236523E+00	1.32355670E+54	7.02894224E-01
6.15441780E+17	5.45217187E+00	1.32351902E+54	7.02866978E-01
6.16788450E+17	5.45198145E+00	1.32348135E+54	7.02839733E-01
6.18135121E+17	5.45184473E+00	1.32344367E+54	7.02812490E-01
6.19481791E+17	5.45169043E+00	1.32340600E+54	7.02785250E-01
6.20828461E+17	5.45146387E+00	1.32336833E+54	7.02758013E-01
6.22175131E+17	5.45139014E+00	1.32333067E+54	7.02730781E-01
6.23521802E+17	5.45099023E+00	1.32329302E+54	7.02703554E-01
6.24868472E+17	5.45084570E+00	1.32325537E+54	7.02676334E-01
6.26215142E+17	5.45068994E+00	1.32321774E+54	7.02649120E-01
6.27561812E+17	5.45043164E+00	1.32318011E+54	7.02621914E-01
6.28908483E+17	5.45023340E+00	1.32314250E+54	7.02594717E-01
6.30255153E+17	5.45005469E+00	1.32310490E+54	7.02567528E-01
6.31601823E+17	5.44992187E+00	1.32306732E+54	7.02540350E-01
6.32948494E+17	5.44974268E+00	1.32302975E+54	7.02513183E-01
6.34295164E+17	5.44954395E+00	1.32299219E+54	7.02486027E-01
6.35641834E+17	5.44942920E+00	1.32295465E+54	7.02458883E-01
6.36988504E+17	5.44911670E+00	1.32291713E+54	7.02431752E-01
6.38335175E+17	5.44896289E+00	1.32287963E+54	7.02404635E-01
6.39681845E+17	5.44878027E+00	1.32284215E+54	7.02377532E-01
6.41028515E+17	5.44858545E+00	1.32280469E+54	7.02350444E-01
6.42375185E+17	5.44842773E+00	1.32276725E+54	7.02323371E-01
6.43721856E+17	5.44823437E+00	1.32272984E+54	7.02296315E-01
6.45068526E+17	5.44806348E+00	1.32269244E+54	7.02269276E-01
6.46415196E+17	5.44792871E+00	1.32265508E+54	7.02242254E-01
6.47761866E+17	5.44776221E+00	1.32261773E+54	7.02215250E-01
6.49108537E+17	5.44758545E+00	1.32258041E+54	7.02188266E-01
6.50455207E+17	5.44746094E+00	1.32254312E+54	7.02161300E-01
6.51801877E+17	5.44738525E+00	1.32250586E+54	7.02134355E-01
6.53148548E+17	5.44701416E+00	1.32246863E+54	7.02107430E-01
6.54495218E+17	5.44687256E+00	1.32243142E+54	7.02080526E-01
6.55841888E+17	5.44672119E+00	1.32239425E+54	7.02053643E-01
6.57188558E+17	5.44650488E+00	1.32235710E+54	7.02026783E-01
6.58535229E+17	5.44636475E+00	1.32231999E+54	7.01999946E-01
6.59881899E+17	5.44618604E+00	1.32228291E+54	7.01973132E-01
6.61228569E+17	5.44602637E+00	1.32224586E+54	7.01946342E-01
6.62575239E+17	5.44588916E+00	1.32220885E+54	7.01919577E-01
6.63921910E+17	5.44574805E+00	1.32217187E+54	7.01892836E-01
6.65268580E+17	5.44556494E+00	1.32213492E+54	7.01866120E-01
6.66615250E+17	5.44546094E+00	1.32209801E+54	7.01839431E-01
6.67961921E+17	5.44538184E+00	1.32206114E+54	7.01812767E-01
6.69308591E+17	5.44503125E+00	1.32202431E+54	7.01786131E-01
6.70655261E+17	5.44489160E+00	1.32198751E+54	7.01759522E-01
6.72001931E+17	5.44474707E+00	1.32195075E+54	7.01732940E-01
6.73348602E+17	5.44455273E+00	1.32191403E+54	7.01706387E-01
6.74695272E+17	5.44442725E+00	1.32187735E+54	7.01679862E-01
6.76041942E+17	5.44424756E+00	1.32184071E+54	7.01653367E-01
6.77388612E+17	5.44410498E+00	1.32180411E+54	7.01626901E-01
6.78735283E+17	5.44396875E+00	1.32176755E+54	7.01600465E-01
6.80081953E+17	5.44385645E+00	1.32173104E+54	7.01574059E-01
6.81428623E+17	5.44371875E+00	1.32169456E+54	7.01547685E-01
6.82775294E+17	5.44353223E+00	1.32165813E+54	7.01521341E-01
6.84121964E+17	5.44343652E+00	1.32162175E+54	7.01495029E-01
6.85468634E+17	5.44338965E+00	1.32158541E+54	7.01468749E-01
6.86815304E+17	5.44302344E+00	1.32154911E+54	7.01442501E-01
6.88161975E+17	5.44289600E+00	1.32151286E+54	7.01416286E-01
6.89508645E+17	5.44275439E+00	1.32147665E+54	7.01390104E-01
6.90855315E+17	5.44257031E+00	1.32144049E+54	7.01363955E-01
6.92201985E+17	5.44244238E+00	1.32140438E+54	7.01337840E-01
6.93548656E+17	5.44228418E+00	1.32136831E+54	7.01311760E-01
6.94895326E+17	5.44217187E+00	1.32133229E+54	7.01285714E-01
6.96241996E+17	5.44201660E+00	1.32129632E+54	7.01259702E-01
6.97588666E+17	5.44192187E+00	1.32126040E+54	7.01233726E-01
6.98935337E+17	5.44177100E+00	1.32122453E+54	7.01207785E-01
7.00282007E+17	5.44169238E+00	1.32118870E+54	7.01181881E-01
7.01628677E+17	5.44149902E+00	1.32115293E+54	7.01156012E-01
7.02975348E+17	5.44142725E+00	1.32111721E+54	7.01130180E-01
7.04322018E+17	5.44113770E+00	1.32108153E+54	7.01104384E-01
7.05668688E+17	5.44101025E+00	1.32104591E+54	7.01078625E-01
7.07015358E+17	5.44088916E+00	1.32101034E+54	7.01052904E-01
7.08362029E+17	5.44075781E+00	1.32097483E+54	7.01027220E-01
7.09708699E+17	5.44069092E+00	1.32093936E+54	7.01001575E-01
7.11055369E+17	5.44046777E+00	1.32090395E+54	7.00975967E-01
7.12402039E+17	5.44035645E+00	1.32086859E+54	7.00950398E-01
7.13748710E+17	5.44021094E+00	1.32083328E+54	7.00924867E-01
7.15095380E+17	5.44006738E+00	1.32079803E+54	7.00899376E-01
7.16442050E+17	5.43996387E+00	1.32076283E+54	7.00873923E-01
7.17788721E+17	5.43985840E+00	1.32072769E+54	7.00848511E-01
7.19135391E+17	5.43973535E+00	1.32069260E+54	7.00823137E-01
7.20482061E+17	5.43958594E+00	1.32065757E+54	7.00797804E-01
7.21828731E+17	5.43948193E+00	1.32062259E+54	7.00772511E-01
7.23175402E+17	5.43942187E+00	1.32058767E+54	7.00747258E-01
7.24522072E+17	5.43912842E+00	1.32055280E+54	7.00722046E-01
7.25868742E+17	5.43901074E+00	1.32051799E+54	7.00696875E-01
7.27215412E+17	5.43892187E+00	1.32048324E+54	7.00671744E-01
7.28562083E+17	5.43877588E+00	1.32044855E+54	7.00646656E-01
7.29908753E+17	5.43869434E+00	1.32041391E+54	7.00621608E-01
7.31255423E+17	5.43850098E+00	1.32037933E+54	7.00596602E-01
7.32602093E+17	5.43838770E+00	1.32034480E+54	7.00571638E-01
7.33948764E+17	5.43825439E+00	1.32031034E+54	7.00546716E-01
7.35295434E+17	5.43813574E+00	1.32027593E+54	7.00521837E-01
7.36642104E+17	5.43802588E+00	1.32024159E+54	7.00497000E-01
7.37988775E+17	5.43793262E+00	1.32020730E+54	7.00472205E-01
7.39335445E+17	5.43784619E+00	1.32017307E+54	7.00447453E-01
7.40682115E+17	5.43772998E+00	1.32013890E+54	7.00422745E-01
7.42028785E+17	5.43756836E+00	1.32010479E+54	7.00398079E-01
7.43375456E+17	5.43748340E+00	1.32007074E+54	7.00373457E-01
7.44722126E+17	5.43742285E+00	1.32003675E+54	7.00348878E-01
7.46068796E+17	5.43717285E+00	1.32000282E+54	7.00324343E-01
7.47415466E+17	5.43704541E+00	1.31996895E+54	7.00299852E-01
7.48762137E+17	5.43694385E+00	1.31993514E+54	7.00275404E-01
7.50108807E+17	5.43685645E+00	1.31990139E+54	7.00251001E-01
7.51455477E+17	5.43673486E+00	1.31986770E+54	7.00226642E-01
7.52802148E+17	5.43658594E+00	1.31983408E+54	7.00202327E-01
7.54148818E+17	5.43647168E+00	1.31980051E+54	7.00178057E-01
7.55495488E+17	5.43637012E+00	1.31976701E+54	7.00153832E-01
7.56842158E+17	5.43624463E+00	1.31973357E+54	7.00129651E-01
7.58188829E+17	5.43613184E+00	1.31970019E+54	7.00105515E-01
7.59535499E+17	5.43603076E+00	1.31966688E+54	7.00081424E-01
7.60882169E+17	5.43594238E+00	1.31963362E+54	7.00057379E-01
7.62228839E+17	5.43585937E+00	1.31960043E+54	7.00033379E-01
7.63575510E+17	5.43574854E+00	1.31956730E+54	7.00009424E-01
7.64922180E+17	5.43569238E+00	1.31953424E+54	6.99985514E-01
7.66268850E+17	5.43552295E+00	1.31950124E+54	6.99961650E-01
7.67615520E+17	5.43546045E+00	1.31946830E+54	6.99937832E-01
7.68962191E+17	5.43538965E+00	1.31943542E+54	6.99914060E-01
7.70308861E+17	5.43512939E+00	1.31940261E+54	6.99890334E-01
7.71655531E+17	5.43502979E+00	1.31936986E+54	6.99866653E-01
7.73002202E+17	5.43494141E+00	1.31933717E+54	6.99843019E-01
7.74348872E+17	5.43485889E+00	1.31930455E+54	6.99819431E-01
7.75695542E+17	5.43474658E+00	1.31927200E+54	6.99795890E-01
7.77042212E+17	5.43469043E+00	1.31923950E+54	6.99772394E-01
7.78388883E+17	5.43450342E+00	1.31920707E+54	6.99748945E-01
7.79735553E+17	5.43442725E+00	1.31917471E+54	6.99725543E-01
7.81082223E+17	5.43434473E+00	1.31914241E+54	6.99702188E-01
7.82428893E+17	5.43421338E+00	1.31911017E+54	6.99678879E-01
7.83775564E+17	5.43410791E+00	1.31907800E+54	6.99655616E-01
7.85122234E+17	5.43401416E+00	1.31904590E+54	6.99632401E-01
7.86468904E+17	5.43393652E+00	1.31901385E+54	6.99609233E-01
7.87815575E+17	5.43385986E+00	1.31898188E+54	6.99586111E-01
7.89162245E+17	5.43375635E+00	1.31894996E+54	6.99563037E-01
7.90508915E+17	5.43371045E+00	1.31891812E+54	6.99540009E-01
7.91855585E+17	5.43355225E+00	1.31888634E+54	6.99517029E-01
7.93202256E+17	5.43348291E+00	1.31885462E+54	6.99494096E-01
7.94548926E+17	5.43342871E+00	1.31882297E+54	6.99471211E-01
7.95895596E+17	5.43338184E+00	1.31879138E+54	6.99448372E-01
7.97242266E+17	5.43310645E+00	1.31875986E+54	6.99425581E-01
7.98588937E+17	5.43301367E+00	1.31872841E+54	6.99402838E-01
7.99935607E+17	5.43293701E+00	1.31869702E+54	6.99380142E-01
8.01282277E+17	5.43285986E+00	1.31866570E+54	6.99357493E-01
8.02628947E+17	5.43275537E+00	1.31863444E+54	6.99334892E-01
8.03975618E+17	5.43271094E+00	1.31860325E+54	6.99312339E-01
8.05322288E+17	5.43254395E+00	1.31857212E+54	6.99289833E-01
8.06668958E+17	5.43246338E+00	1.31854106E+54	6.99267375E-01
8.08015629E+17	5.43237305E+00	1.31851007E+54	6.99244964E-01
8.09362299E+17	5.43226465E+00	1.31847914E+54	6.99222602E-01
8.10708969E+17	5.43218652E+00	1.31844828E+54	6.99200287E-01
8.12055639E+17	5.43209619E+00	1.31841748E+54	6.99178019E-01
8.13402310E+17	5.43201367E+00	1.31838675E+54	6.99155800E-01
8.14748980E+17	5.43194336E+00	1.31835608E+54	6.99133629E-01
8.16095650E+17	5.43187207E+00	1.31832549E+54	6.99111505E-01
8.17442320E+17	5.43177930E+00	1.31829495E+54	6.99089429E-01
8.18788991E+17	5.43172998E+00	1.31826449E+54	6.99067401E-01
8.20135661E+17	5.43168994E+00	1.31823409E+54	6.99045421E-01
8.21482331E+17	5.43152588E+00	1.31820375E+54	6.99023489E-01
8.22829002E+17	5.43146826E+00	1.31817349E+54	6.99001605E-01
8.24175672E+17	5.43142725E+00	1.31814329E+54	6.98979769E-01
8.25522342E+17	5.43138184E+00	1.31811315E+54	6.98957980E-01
8.26869012E+17	5.43111523E+00	1.31808308E+54	6.98936240E-01
8.28215683E+17	5.43103271E+00	1.31805308E+54	6.98914548E-01
8.29562353E+17	5.43096680E+00	1.31802315E+54	6.98892904E-01
8.30909023E+17	5.43088770E+00	1.31799328E+54	6.98871307E-01
8.32255693E+17	5.43084473E+00	1.31796347E+54	6.98849759E-01
8.33602364E+17	5.43073975E+00	1.31793374E+54	6.98828259E-01
8.34949034E+17	5.43069238E+00	1.31790406E+54	6.98806806E-01
8.36295704E+17	5.43053125E+00	1.31787446E+54	6.98785402E-01
8.37642375E+17	5.43046582E+00	1.31784492E+54	6.98764045E-01
8.38989045E+17	5.43038525E+00	1.31781545E+54	6.98742737E-01
8.40335715E+17	5.43034570E+00	1.31778604E+54	6.98721476E-01
8.41682385E+17	5.43022168E+00	1.31775671E+54	6.98700264E-01
8.43029056E+17	5.43013916E+00	1.31772743E+54	6.98679099E-01
8.44375726E+17	5.43006689E+00	1.31769823E+54	6.98657983E-01
8.45722396E+17	5.43000000E+00	1.31766908E+54	6.98636914E-01
8.47069066E+17	5.42993945E+00	1.31764001E+54	6.98615893E-01
8.48415737E+17	5.42987402E+00	1.31761100E+54	6.98594920E-01
8.49762407E+17	5.42984570E+00	1.31758206E+54	6.98573995E-01
8.51109077E+17	5.42974072E+00	1.31755318E+54	6.98553118E-01
8.52455747E+17	5.42971094E+00	1.31752437E+54	6.98532289E-01
8.53802418E+17	5.42956201E+00	1.31749563E+54	6.98511508E-01
8.55149088E+17	5.42950537E+00	1.31746695E+54	6.98490774E-01
8.56495758E+17	5.42946338E+00	1.31743834E+54	6.98470088E-01
8.57842429E+17	5.42942725E+00	1.31740979E+54	6.98449450E-01
8.59189099E+17	5.42938232E+00	1.31738132E+54	6.98428860E-01
8.60535769E+17	5.42913037E+00	1.31735290E+54	6.98408317E-01
8.61882439E+17	5.42906104E+00	1.31732455E+54	6.98387822E-01
8.63229110E+17	5.42899756E+00	1.31729627E+54	6.98367375E-01
8.64575780E+17	5.42893799E+00	1.31726805E+54	6.98346975E-01
8.65922450E+17	5.42887402E+00	1.31723990E+54	6.98326623E-01
8.67269120E+17	5.42884570E+00	1.31721182E+54	6.98306319E-01
8.68615791E+17	5.42874072E+00	1.31718380E+54	6.98286062E-01
8.69962461E+17	5.42871338E+00	1.31715585E+54	6.98265852E-01
8.71309131E+17	5.42855713E+00	1.31712796E+54	6.98245690E-01
8.72655802E+17	5.42849463E+00	1.31710014E+54	6.98225576E-01
8.74002472E+17	5.42843555E+00	1.31707238E+54	6.98205509E-01
8.75349142E+17	5.42837061E+00	1.31704469E+54	6.98185489E-01
8.76695812E+17	5.42828174E+00	1.31701706E+54	6.98165516E-01
8.78042483E+17	5.42822314E+00	1.31698950E+54	6.98145591E-01
8.79389153E+17	5.42817236E+00	1.31696201E+54	6.98125713E-01
8.80735823E+17	5.42809326E+00	1.31693458E+54	6.98105883E-01
8.82082493E+17	5.42802930E+00	1.31690721E+54	6.98086099E-01
8.83429164E+17	5.42797998E+00	1.31687991E+54	6.98066363E-01
8.84775834E+17	5.42792920E+00	1.31685268E+54	6.98046674E-01
8.86122504E+17	5.42787012E+00	1.31682551E+54	6.98027031E-01
8.87469174E+17	5.42784473E+00	1.31679840E+54	6.98007436E-01
8.88815845E+17	5.42774854E+00	1.31677136E+54	6.97987888E-01
8.90162515E+17	5.42771533E+00	1.31674439E+54	6.97968387E-01
8.91509185E+17	5.42768994E+00	1.31671748E+54	6.97948932E-01
8.92855856E+17	5.42754395E+00	1.31669063E+54	6.97929524E-01
8.94202526E+17	5.42749658E+00	1.31666385E+54	6.97910164E-01
8.95549196E+17	5.42746289E+00	1.31663713E+54	6.97890849E-01
8.96895866E+17	5.42742773E+00	1.31661048E+54	6.97871582E-01
8.98242537E+17	5.42738623E+00	1.31658389E+54	6.97852361E-01
8.99589207E+17	5.42739600E+00	1.31655737E+54	6.97833187E-01
9.00935877E+17	5.42710645E+00	1.31653091E+54	6.97814059E-01
9.02282547E+17	5.42704541E+00	1.31650451E+54	6.97794977E-01
9.03629218E+17	5.42699170E+00	1.31647818E+54	6.97775943E-01
9.04975888E+17	5.42694043E+00	1.31645192E+54	6.97756954E-01
9.06322558E+17	5.42688525E+00	1.31642571E+54	6.97738012E-01
9.07669229E+17	5.42685498E+00	1.31639958E+54	6.97719116E-01
9.09015899E+17	5.42676514E+00	1.31637350E+54	6.97700266E-01
9.10362569E+17	5.42672998E+00	1.31634749E+54	6.97681462E-01
9.11709239E+17	5.42669336E+00	1.31632154E+54	6.97662704E-01
9.13055910E+17	5.42655957E+00	1.31629566E+54	6.97643993E-01
9.14402580E+17	5.42650488E+00	1.31626984E+54	6.97625327E-01
9.15749250E+17	5.42646338E+00	1.31624408E+54	6.97606708E-01
9.17095920E+17	5.42642187E+00	1.31621839E+54	6.97588134E-01
9.18442591E+17	5.42635840E+00	1.31619276E+54	6.97569606E-01
9.19789261E+17	5.42627588E+00	1.31616719E+54	6.97551123E-01
9.21135931E+17	5.42622998E+00	1.31614168E+54	6.97532686E-01
9.22482601E+17	5.42617969E+00	1.31611624E+54	6.97514295E-01
9.23829272E+17	5.42611670E+00	1.31609086E+54	6.97495950E-01
9.25175942E+17	5.42606299E+00	1.31606555E+54	6.97477650E-01
9.26522612E+17	5.42601465E+00	1.31604030E+54	6.97459395E-01
9.27869283E+17	5.42597217E+00	1.31601511E+54	6.97441186E-01
9.29215953E+17	5.42593262E+00	1.31598998E+54	6.97423022E-01
9.30562623E+17	5.42588037E+00	1.31596491E+54	6.97404903E-01
9.31909293E+17	5.42585498E+00	1.31593991E+54	6.97386829E-01
9.33255964E+17	5.42577686E+00	1.31591497E+54	6.97368801E-01
9.34602634E+17	5.42574219E+00	1.31589009E+54	6.97350817E-01
9.35949304E+17	5.42571533E+00	1.31586528E+54	6.97332879E-01
9.37295974E+17	5.42569092E+00	1.31584052E+54	6.97314985E-01
9.38642645E+17	5.42556055E+00	1.31581583E+54	6.97297136E-01
9.39989315E+17	5.42552148E+00	1.31579120E+54	6.97279332E-01
9.41335985E+17	5.42548584E+00	1.31576663E+54	6.97261573E-01
9.42682656E+17	5.42546094E+00	1.31574212E+54	6.97243858E-01
9.44029326E+17	5.42542920E+00	1.31571768E+54	6.97226188E-01
9.45375996E+17	5.42539160E+00	1.31569330E+54	6.97208562E-01
9.46722666E+17	5.42538135E+00	1.31566897E+54	6.97190981E-01
9.48069337E+17	5.42514111E+00	1.31564471E+54	6.97173444E-01
9.49416007E+17	5.42509668E+00	1.31562051E+54	6.97155951E-01
9.50762677E+17	5.42505225E+00	1.31559637E+54	6.97138503E-01
9.52109347E+17	5.42500488E+00	1.31557230E+54	6.97121098E-01
9.53456018E+17	5.42496729E+00	1.31554828E+54	6.97103738E-01
9.54802688E+17	5.42492969E+00	1.31552432E+54	6.97086422E-01
9.56149358E+17	5.42487939E+00	1.31550043E+54	6.97069150E-01
9.57496028E+17	5.42485645E+00	1.31547659E+54	6.97051921E-01
9.58842699E+17	5.42477930E+00	1.31545282E+54	6.97034736E-01
9.60189369E+17	5.42474512E+00	1.31542910E+54	6.97017595E-01
9.61536039E+17	5.42471680E+00	1.31540545E+54	6.97000498E-01
9.62882710E+17	5.42469238E+00	1.31538186E+54	6.96983444E-01
9.64229380E+17	5.42456299E+00	1.31535832E+54	6.96966434E-01
9.65576050E+17	5.42452148E+00	1.31533485E+54	6.96949467E-01
9.66922720E+17	5.42448340E+00	1.31531144E+54	6.96932543E-01
9.68269391E+17	5.42444189E+00	1.31528808E+54	6.96915663E-01
9.69616061E+17	5.42442334E+00	1.31526479E+54	6.96898826E-01
9.70962731E+17	5.42436523E+00	1.31524155E+54	6.96882032E-01
9.72309401E+17	5.42434473E+00	1.31521838E+54	6.96865281E-01
9.73656072E+17	5.42425293E+00	1.31519526E+54	6.96848573E-01
9.75002742E+17	5.42421729E+00	1.31517221E+54	6.96831908E-01
9.76349412E+17	5.42417969E+00	1.31514921E+54	6.96815286E-01
9.77696083E+17	5.42412646E+00	1.31512627E+54	6.96798706E-01
9.79042753E+17	5.42409131E+00	1.31510339E+54	6.96782169E-01
9.80389423E+17	5.42404785E+00	1.31508057E+54	6.96765675E-01
9.81736093E+17	5.42401074E+00	1.31505781E+54	6.96749223E-01
9.83082764E+17	5.42398145E+00	1.31503511E+54	6.96732813E-01
9.84429434E+17	5.42394336E+00	1.31501246E+54	6.96716446E-01
9.85776104E+17	5.42392236E+00	1.31498988E+54	6.96700122E-01
9.87122774E+17	5.42387402E+00	1.31496735E+54	6.96683839E-01
9.88469445E+17	5.42385596E+00	1.31494488E+54	6.96667598E-01
9.89816115E+17	5.42379248E+00	1.31492247E+54	6.96651400E-01
9.91162785E+17	5.42375732E+00	1.31490012E+54	6.96635244E-01
9.92509456E+17	5.42373389E+00	1.31487782E+54	6.96619129E-01
9.93856126E+17	5.42371436E+00	1.31485558E+54	6.96603056E-01
9.95202796E+17	5.42369336E+00	1.31483340E+54	6.96587025E-01
9.96549466E+17	5.42371045E+00	1.31481128E+54	6.96571036E-01
9.97896137E+17	5.42354785E+00	1.31478921E+54	6.96555088E-01
9.99242807E+17	5.42351660E+00	1.31476721E+54	6.96539181E-01
1.00058948E+18	5.42349170E+00	1.31474526E+54	6.96523317E-01
1.00193615E+18	5.42346777E+00	1.31472336E+54	6.96507493E-01
1.00328282E+18	5.42344189E+00	1.31470153E+54	6.96491711E-01
1.00462949E+18	5.42342822E+00	1.31467975E+54	6.96475969E-01
1.00597616E+18	5.42342285E+00	1.31465802E+54	6.96460269E-01
1.00732283E+18	5.42338477E+00	1.31463636E+54	6.96444610E-01
1.00866950E+18	5.42338477E+00	1.31461475E+54	6.96428992E-01
1.01001617E+18	5.42313770E+00	1.31459319E+54	6.96413415E-01
1.01136284E+18	5.42310693E+00	1.31457170E+54	6.96397878E-01
1.01270951E+18	5.42306689E+00	1.31455026E+54	6.96382382E-01
1.01405618E+18	5.42303271E+00	1.31452887E+54	6.96366927E-01
1.01540285E+18	5.42300195E+00	1.31450754E+54	6.96351512E-01
1.01674952E+18	5.42298145E+00	1.31448627E+54	6.96336138E-01
1.01809619E+18	5.42294238E+00	1.31446505E+54	6.96320804E-01
1.01944286E+18	5.42292334E+00	1.31444389E+54	6.96305510E-01
1.02078953E+18	5.42287842E+00	1.31442279E+54	6.96290257E-01
1.02213620E+18	5.42285889E+00	1.31440174E+54	6.96275044E-01
1.02348287E+18	5.42284473E+00	1.31438074E+54	6.96259870E-01
1.02482954E+18	5.42277197E+00	1.31435980E+54	6.96244737E-01
1.02617621E+18	5.42274707E+00	1.31433892E+54	6.96229644E-01
1.02752288E+18	5.42272998E+00	1.31431809E+54	6.96214590E-01
1.02886955E+18	5.42271094E+00	1.31429731E+54	6.96199576E-01
1.03021622E+18	5.42269043E+00	1.31427660E+54	6.96184602E-01
1.03156289E+18	5.42256982E+00	1.31425593E+54	6.96169667E-01
1.03290956E+18	5.42254297E+00	1.31423532E+54	6.96154772E-01
1.03425623E+18	5.42250977E+00	1.31421476E+54	6.96139916E-01
1.03560290E+18	5.42248340E+00	1.31419426E+54	6.96125100E-01
1.03694957E+18	5.42246094E+00	1.31417381E+54	6.96110322E-01
1.03829624E+18	5.42243213E+00	1.31415342E+54	6.96095584E-01
1.03964291E+18	5.42238965E+00	1.31413308E+54	6.96080885E-01
1.04098959E+18	5.42236963E+00	1.31411280E+54	6.96066225E-01
1.04233626E+18	5.42235498E+00	1.31409256E+54	6.96051604E-01
1.04368293E+18	5.42228271E+00	1.31407239E+54	6.96037021E-01
1.04502960E+18	5.42225488E+00	1.31405226E+54	6.96022478E-01
1.04637627E+18	5.42223145E+00	1.31403219E+54	6.96007973E-01
1.04772294E+18	5.42221045E+00	1.31401217E+54	6.95993506E-01
1.04906961E+18	5.42217871E+00	1.31399221E+54	6.95979078E-01
1.05041628E+18	5.42213574E+00	1.31397230E+54	6.95964689E-01
1.05176295E+18	5.42211035E+00	1.31395244E+54	6.95950338E-01
1.05310962E+18	5.42208838E+00	1.31393263E+54	6.95936025E-01
1.05445629E+18	5.42205420E+00	1.31391288E+54	6.95921750E-01
1.05580296E+18	5.42202832E+00	1.31389318E+54	6.95907513E-01
1.05714963E+18	5.42200244E+00	1.31387353E+54	6.95893314E-01
1.05849630E+18	5.42198242E+00	1.31385393E+54	6.95879154E-01
1.05984297E+18	5.42196338E+00	1.31383439E+54	6.95865031E-01
1.06118964E+18	5.42193604E+00	1.31381490E+54	6.95850945E-01
1.06253631E+18	5.42192285E+00	1.31379546E+54	6.95836898E-01
1.06388298E+18	5.42188330E+00	1.31377607E+54	6.95822888E-01
1.06522965E+18	5.42186719E+00	1.31375674E+54	6.95808915E-01
1.06657632E+18	5.42185596E+00	1.31373746E+54	6.95794980E-01
1.06792299E+18	5.42184473E+00	1.31371822E+54	6.95781083E-01
1.06926966E+18	5.42177686E+00	1.31369904E+54	6.95767222E-01
1.07061633E+18	5.42175732E+00	1.31367992E+54	6.95753399E-01
1.07196300E+18	5.42174170E+00	1.31366084E+54	6.95739613E-01
1.07330967E+18	5.42172998E+00	1.31364181E+54	6.95725864E-01
1.07465634E+18	5.42171436E+00	1.31362284E+54	6.95712152E-01
1.07600301E+18	5.42171094E+00	1.31360391E+54	6.95698476E-01
1.07734968E+18	5.42169043E+00	1.31358504E+54	6.95684838E-01
1.07869635E+18	5.42169775E+00	1.31356621E+54	6.95671236E-01
1.08004302E+18	5.42155957E+00	1.31354744E+54	6.95657671E-01
1.08138969E+18	5.42154248E+00	1.31352872E+54	6.95644142E-01
1.08273636E+18	5.42152100E+00	1.31351005E+54	6.95630650E-01
1.08408303E+18	5.42150098E+00	1.31349143E+54	6.95617194E-01
1.08542970E+18	5.42148584E+00	1.31347286E+54	6.95603774E-01
1.08677637E+18	5.42147021E+00	1.31345434E+54	6.95590391E-01
1.08812304E+18	5.42146094E+00	1.31343586E+54	6.95577043E-01
1.08946971E+18	5.42143945E+00	1.31341744E+54	6.95563732E-01
1.09081639E+18	5.42143018E+00	1.31339907E+54	6.95550457E-01
1.09216306E+18	5.42142285E+00	1.31338075E+54	6.95537217E-01
1.09350973E+18	5.42142725E+00	1.31336248E+54	6.95524014E-01
1.09485640E+18	5.42138770E+00	1.31334425E+54	6.95510846E-01
1.09620307E+18	5.42138184E+00	1.31332608E+54	6.95497713E-01
1.09754974E+18	5.42138281E+00	1.31330796E+54	6.95484617E-01
1.09889641E+18	5.42117236E+00	1.31328988E+54	6.95471555E-01
1.10024308E+18	5.42113086E+00	1.31327185E+54	6.95458529E-01
1.10158975E+18	5.42111475E+00	1.31325388E+54	6.95445539E-01
1.10293642E+18	5.42109180E+00	1.31323595E+54	6.95432583E-01
1.10428309E+18	5.42106543E+00	1.31321807E+54	6.95419663E-01
1.10562976E+18	5.42104639E+00	1.31320023E+54	6.95406778E-01
1.10697643E+18	5.42102588E+00	1.31318245E+54	6.95393928E-01
1.10832310E+18	5.42100586E+00	1.31316471E+54	6.95381112E-01
1.10966977E+18	5.42099023E+00	1.31314703E+54	6.95368332E-01
1.11101644E+18	5.42097119E+00	1.31312939E+54	6.95355586E-01
1.11236311E+18	5.42096094E+00	1.31311180E+54	6.95342875E-01
1.11370978E+18	5.42093652E+00	1.31309425E+54	6.95330199E-01
1.11505645E+18	5.42092725E+00	1.31307676E+54	6.95317557E-01
1.11640312E+18	5.42089160E+00	1.31305931E+54	6.95304949E-01
1.11774979E+18	5.42087744E+00	1.31304191E+54	6.95292376E-01
1.11909646E+18	5.42086621E+00	1.31302455E+54	6.95279837E-01
1.12044313E+18	5.42085645E+00	1.31300725E+54	6.95267332E-01
1.12178980E+18	5.42084570E+00	1.31298999E+54	6.95254862E-01
1.12313647E+18	5.42079248E+00	1.31297277E+54	6.95242425E-01
1.12448314E+18	5.42077246E+00	1.31295561E+54	6.95230022E-01
1.12582981E+18	5.42075635E+00	1.31293849E+54	6.95217653E-01
1.12717648E+18	5.42074463E+00	1.31292142E+54	6.95205318E-01
1.12852315E+18	5.42073242E+00	1.31290439E+54	6.95193017E-01
1.12986982E+18	5.42071924E+00	1.31288741E+54	6.95180749E-01
1.13121649E+18	5.42071338E+00	1.31287048E+54	6.95168515E-01
1.13256316E+18	5.42069727E+00	1.31285360E+54	6.95156314E-01
1.13390983E+18	5.42069092E+00	1.31283676E+54	6.95144147E-01
1.13525650E+18	5.42069189E+00	1.31281996E+54	6.95132013E-01
1.13660317E+18	5.42056738E+00	1.31280322E+54	6.95119912E-01
1.13794984E+18	5.42055273E+00	1.31278651E+54	6.95107845E-01
1.13929651E+18	5.42053320E+00	1.31276986E+54	6.95095810E-01
1.14064319E+18	5.42051611E+00	1.31275325E+54	6.95083809E-01
1.14198986E+18	5.42050098E+00	1.31273668E+54	6.95071840E-01
1.14333653E+18	5.42048975E+00	1.31272016E+54	6.95059904E-01
1.14468320E+18	5.42047217E+00	1.31270369E+54	6.95048001E-01
1.14602987E+18	5.42046338E+00	1.31268726E+54	6.95036131E-01
1.14737654E+18	5.42044092E+00	1.31267087E+54	6.95024293E-01
1.14872321E+18	5.42043213E+00	1.31265453E+54	6.95012488E-01
1.15006988E+18	5.42042285E+00	1.31263824E+54	6.95000715E-01
1.15141655E+18	5.42038916E+00	1.31262199E+54	6.94988975E-01
1.15276322E+18	5.42037695E+00	1.31260578E+54	6.94977267E-01
1.15410989E+18	5.42036670E+00	1.31258962E+54	6.94965591E-01
1.15545656E+18	5.42035742E+00	1.31257351E+54	6.94953947E-01
1.15680323E+18	5.42034717E+00	1.31255744E+54	6.94942336E-01
1.15814990E+18	5.42034473E+00	1.31254141E+54	6.94930756E-01
1.15949657E+18	5.42027930E+00	1.31252543E+54	6.94919208E-01
1.16084324E+18	5.42026465E+00	1.31250949E+54	6.94907692E-01
1.16218991E+18	5.42025098E+00	1.31249359E+54	6.94896208E-01
1.16353658E+18	5.42024023E+00	1.31247774E+54	6.94884756E-01
1.16488325E+18	5.42022998E+00	1.31246193E+54	6.94873335E-01
1.16622992E+18	5.42021533E+00	1.31244617E+54	6.94861945E-01
1.16757659E+18	5.42019580E+00	1.31243045E+54	6.94850587E-01
1.16892326E+18	5.42018555E+00	1.31241477E+54	6.94839261E-01
1.17026993E+18	5.42017773E+00	1.31239913E+54	6.94827966E-01
1.17161660E+18	5.42017187E+00	1.31238354E+54	6.94816702E-01
1.17296327E+18	5.42013477E+00	1.31236800E+54	6.94805469E-01
1.17430994E+18	5.42012207E+00	1.31235249E+54	6.94794267E-01
1.17565661E+18	5.42010986E+00	1.31233703E+54	6.94783096E-01
1.17700328E+18	5.42009668E+00	1.31232161E+54	6.94771956E-01
1.17834995E+18	5.42008838E+00	1.31230623E+54	6.94760847E-01
1.17969662E+18	5.42006836E+00	1.31229090E+54	6.94749769E-01
1.18104329E+18	5.42005762E+00	1.31227561E+54	6.94738721E-01
1.18238996E+18	5.42004590E+00	1.31226036E+54	6.94727705E-01
1.18373663E+18	5.42003174E+00	1.31224515E+54	6.94716718E-01
1.18508330E+18	5.42002197E+00	1.31222998E+54	6.94705762E-01
1.18642997E+18	5.42001025E+00	1.31221486E+54	6.94694837E-01
1.18777664E+18	5.41999951E+00	1.31219978E+54	6.94683941E-01
1.18912331E+18	5.41999072E+00	1.31218474E+54	6.94673077E-01
1.19046999E+18	5.41998242E+00	1.31216974E+54	6.94662242E-01
1.19181666E+18	5.41997070E+00	1.31215479E+54	6.94651437E-01
1.19316333E+18	5.41996387E+00	1.31213987E+54	6.94640662E-01
1.19451000E+18	5.41996045E+00	1.31212500E+54	6.94629918E-01
1.19585667E+18	5.41993994E+00	1.31211017E+54	6.94619203E-01
1.19720334E+18	5.41993311E+00	1.31209538E+54	6.94608518E-01
1.19855001E+18	5.41992822E+00	1.31208063E+54	6.94597863E-01
1.19989668E+18	5.41992236E+00	1.31206592E+54	6.94587237E-01
1.20124335E+18	5.41992725E+00	1.31205125E+54	6.94576641E-01
1.20259002E+18	5.41988623E+00	1.31203663E+54	6.94566075E-01
1.20393669E+18	5.41987793E+00	1.31202204E+54	6.94555537E-01
1.20528336E+18	5.41987207E+00	1.31200750E+54	6.94545030E-01
1.20663003E+18	5.41986621E+00	1.31199299E+54	6.94534551E-01
1.20797670E+18	5.41985986E+00	1.31197853E+54	6.94524102E-01
1.20932337E+18	5.41985645E+00	1.31196410E+54	6.94513682E-01
1.21067004E+18	5.41985498E+00	1.31194972E+54	6.94503291E-01
1.21201671E+18	5.41984570E+00	1.31193537E+54	6.94492929E-01
1.21336338E+18	5.41984473E+00	1.31192107E+54	6.94482596E-01
1.21471005E+18	5.41979248E+00	1.31190681E+54	6.94472292E-01
1.21605672E+18	5.41978027E+00	1.31189258E+54	6.94462017E-01
1.21740339E+18	5.41977295E+00	1.31187840E+54	6.94451770E-01
1.21875006E+18	5.41976514E+00	1.31186425E+54	6.94441552E-01
1.22009673E+18	5.41975830E+00	1.31185015E+54	6.94431363E-01
1.22144340E+18	5.41975195E+00	1.31183608E+54	6.94421202E-01
1.22279007E+18	5.41974707E+00	1.31182206E+54	6.94411069E-01
1.22413674E+18	5.41974121E+00	1.31180807E+54	6.94400965E-01
1.22548341E+18	5.41973535E+00	1.31179412E+54	6.94390889E-01
1.22683008E+18	5.41973193E+00	1.31178021E+54	6.94380842E-01
1.22817675E+18	5.41972998E+00	1.31176634E+54	6.94370822E-01
1.22952342E+18	5.41971973E+00	1.31175251E+54	6.94360831E-01
1.23087009E+18	5.41971680E+00	1.31173872E+54	6.94350868E-01
1.23221676E+18	5.41971387E+00	1.31172497E+54	6.94340932E-01
1.23356343E+18	5.41971143E+00	1.31171125E+54	6.94331025E-01
1.23491010E+18	5.41971045E+00	1.31169757E+54	6.94321145E-01
1.23625677E+18	5.41969580E+00	1.31168393E+54	6.94311293E-01
1.23760344E+18	5.41969336E+00	1.31167033E+54	6.94301469E-01
1.23895011E+18	5.41969189E+00	1.31165677E+54	6.94291672E-01
1.24029679E+18	5.41969043E+00	1.31164325E+54	6.94281903E-01
1.24164346E+18	5.41968994E+00	1.31162976E+54	6.94272161E-01
1.24299013E+18	5.41969189E+00	1.31161631E+54	6.94262447E-01
1.24433680E+18	5.41971094E+00	1.31160290E+54	6.94252760E-01
1.24568347E+18	5.41958838E+00	1.31158953E+54	6.94243100E-01
1.24703014E+18	5.41956543E+00	1.31157620E+54	6.94233467E-01
1.24837681E+18	5.41956055E+00	1.31156290E+54	6.94223862E-01
1.24972348E+18	5.41955469E+00	1.31154964E+54	6.94214283E-01
1.25107015E+18	5.41954883E+00	1.31153641E+54	6.94204732E-01
1.25241682E+18	5.41954443E+00	1.31152323E+54	6.94195207E-01
1.25376349E+18	5.41954346E+00	1.31151008E+54	6.94185710E-01
1.25511016E+18	5.41953027E+00	1.31149697E+54	6.94176239E-01
1.25645683E+18	5.41952588E+00	1.31148389E+54	6.94166795E-01
1.25780350E+18	5.41952148E+00	1.31147086E+54	6.94157377E-01
1.25915017E+18	5.41951465E+00	1.31145786E+54	6.94147986E-01
1.26049684E+18	5.41951074E+00	1.31144489E+54	6.94138621E-01
1.26184351E+18	5.41950537E+00	1.31143196E+54	6.94129283E-01
1.26319018E+18	5.41950098E+00	1.31141907E+54	6.94119972E-01
1.26453685E+18	5.41949756E+00	1.31140622E+54	6.94110686E-01
1.26588352E+18	5.41949463E+00	1.31139340E+54	6.94101427E-01
1.26723019E+18	5.41949072E+00	1.31138062E+54	6.94092194E-01
1.26857686E+18	5.41948535E+00	1.31136787E+54	6.94082987E-01
1.26992353E+18	5.41948291E+00	1.31135516E+54	6.94073807E-01
1.27127020E+18	5.41948145E+00	1.31134248E+54	6.94064652E-01
1.27261687E+18	5.41947998E+00	1.31132985E+54	6.94055523E-01
1.27396354E+18	5.41947070E+00	1.31131724E+54	6.94046420E-01
1.27531021E+18	5.41946777E+00	1.31130468E+54	6.94037342E-01
1.27665688E+18	5.41946582E+00	1.31129214E+54	6.94028291E-01
1.27800355E+18	5.41946387E+00	1.31127965E+54	6.94019265E-01
1.27935022E+18	5.41946289E+00	1.31126719E+54	6.94010264E-01
1.28069689E+18	5.41946045E+00	1.31125476E+54	6.94001289E-01
1.28204356E+18	5.41946094E+00	1.31124237E+54	6.93992340E-01
1.28339023E+18	5.41944482E+00	1.31123002E+54	6.93983416E-01
1.28473690E+18	5.41944238E+00	1.31121770E+54	6.93974517E-01
1.28608357E+18	5.41943994E+00	1.31120541E+54	6.93965644E-01
1.28743024E+18	5.41943799E+00	1.31119316E+54	6.93956796E-01
1.28877691E+18	5.41943604E+00	1.31118095E+54	6.93947973E-01
1.29012359E+18	5.41943457E+00	1.31116876E+54	6.93939175E-01
1.29147026E+18	5.41943311E+00	1.31115662E+54	6.93930401E-01
1.29281693E+18	5.41943213E+00	1.31114451E+54	6.93921653E-01
1.29416360E+18	5.41942969E+00	1.31113243E+54	6.93912930E-01
1.29551027E+18	5.41942871E+00	1.31112039E+54	6.93904232E-01
1.29685694E+18	5.41942773E+00	1.31110838E+54	6.93895558E-01
1.29820361E+18	5.41942773E+00	1.31109640E+54	6.93886909E-01
1.29955028E+18	5.41942725E+00	1.31108446E+54	6.93878285E-01
1.30089695E+18	5.41942383E+00	1.31107255E+54	6.93869685E-01
1.30224362E+18	5.41942285E+00	1.31106068E+54	6.93861110E-01
1.30359029E+18	5.41942236E+00	1.31104884E+54	6.93852559E-01
1.30493696E+18	5.41942187E+00	1.31103704E+54	6.93844032E-01
1.30628363E+18	5.41942187E+00	1.31102527E+54	6.93835530E-01
1.30763030E+18	5.41942187E+00	1.31101353E+54	6.93827052E-01
1.30897697E+18	5.41942236E+00	1.31100182E+54	6.93818599E-01
1.31032364E+18	5.41942334E+00	1.31099015E+54	6.93810169E-01
1.31167031E+18	5.41939600E+00	1.31097851E+54	6.93801763E-01
1.31301698E+18	5.41939209E+00	1.31096691E+54	6.93793382E-01
1.31436365E+18	5.41939062E+00	1.31095534E+54	6.93785024E-01
1.31571032E+18	5.41939014E+00	1.31094380E+54	6.93776690E-01
1.31705699E+18	5.41938916E+00	1.31093229E+54	6.93768381E-01
1.31840366E+18	5.41938867E+00	1.31092082E+54	6.93760094E-01
1.31975033E+18	5.41938770E+00	1.31090938E+54	6.93751832E-01
1.32109700E+18	5.41938770E+00	1.31089797E+54	6.93743593E-01
1.32244367E+18	5.41938623E+00	1.31088660E+54	6.93735378E-01
1.32379034E+18	5.41938574E+00	1.31087526E+54	6.93727186E-01
1.32513701E+18	5.41938574E+00	1.31086395E+54	6.93719018E-01
1.32648368E+18	5.41938525E+00	1.31085267E+54	6.93710873E-01
1.32783035E+18	5.41938525E+00	1.31084142E+54	6.93702751E-01
1.32917702E+18	5.41938525E+00	1.31083021E+54	6.93694653E-01
1.33052369E+18	5.41938281E+00	1.31081903E+54	6.93686578E-01
1.33187036E+18	5.41938281E+00	1.31080788E+54	6.93678526E-01
1.33321703E+18	5.41938232E+00	1.31079676E+54	6.93670497E-01
1.33456370E+18	5.41938232E+00	1.31078568E+54	6.93662492E-01
1.33591037E+18	5.41938184E+00	1.31077463E+54	6.93654509E-01
1.33725704E+18	5.41938184E+00	1.31076360E+54	6.93646549E-01
1.33860371E+18	5.41938184E+00	1.31075261E+54	6.93638612E-01
1.33995039E+18	5.41938184E+00	1.31074166E+54	6.93630698E-01
1.34129706E+18	5.41938184E+00	1.31073073E+54	6.93622806E-01
1.34264373E+18	5.41938135E+00	1.31071983E+54	6.93614938E-01
1.34399040E+18	5.41938135E+00	1.31070897E+54	6.93607091E-01
1.34533707E+18	5.41938135E+00	1.31069814E+54	6.93599268E-01
