2022-01-03 16:06:01
Density	Radius	Energy	Rest mass
1.00000000E-05	1.75655800E+02	4.72695921E+00	4.55466812E+00
1.00000010E+02	8.38250000E-01	4.16736620E+01	4.55467080E+00
2.00000010E+02	6.65325000E-01	5.13216680E+01	4.55467080E+00
3.00000010E+02	5.81237500E-01	5.80895180E+01	4.55467080E+00
4.00000010E+02	5.28087500E-01	6.34773940E+01	4.55467080E+00
5.00000010E+02	4.90237500E-01	6.80272498E+01	4.55467080E+00
6.00000010E+02	4.61331250E-01	7.20043505E+01	4.55467080E+00
7.00000010E+02	4.38237500E-01	7.55607424E+01	4.55467080E+00
8.00000010E+02	4.19150000E-01	7.87926485E+01	4.55467080E+00
9.00000010E+02	4.03031250E-01	8.17652787E+01	4.55467080E+00
1.00000001E+03	3.89112500E-01	8.45251074E+01	4.55467080E+00
1.10000001E+03	3.76943750E-01	8.71065621E+01	4.55467080E+00
1.20000001E+03	3.66168750E-01	8.95359400E+01	4.55467080E+00
1.30000001E+03	3.56531250E-01	9.18338353E+01	4.55467080E+00
1.40000001E+03	3.47843750E-01	9.40167127E+01	4.55467080E+00
1.50000001E+03	3.39925000E-01	9.60979671E+01	4.55467080E+00
1.60000001E+03	3.32690625E-01	9.80886591E+01	4.55467080E+00
1.70000001E+03	3.26046875E-01	9.99980406E+01	4.55467080E+00
1.80000001E+03	3.19881250E-01	1.01833938E+02	4.55467080E+00
1.90000001E+03	3.14165625E-01	1.03603038E+02	4.55467080E+00
2.00000001E+03	3.08853125E-01	1.05311104E+02	4.55467080E+00
2.10000001E+03	3.03868750E-01	1.06963142E+02	4.55467080E+00
2.20000001E+03	2.99181250E-01	1.08563533E+02	4.55467080E+00
2.30000001E+03	2.94781250E-01	1.10116133E+02	4.55467080E+00
2.40000001E+03	2.90650000E-01	1.11624357E+02	4.55467080E+00
2.50000001E+03	2.86712500E-01	1.13091247E+02	4.55467080E+00
2.60000001E+03	2.82978125E-01	1.14519523E+02	4.55467080E+00
2.70000001E+03	2.79456250E-01	1.15911631E+02	4.55467080E+00
2.80000001E+03	2.76081250E-01	1.17269776E+02	4.55467080E+00
2.90000001E+03	2.72875000E-01	1.18595958E+02	4.55467080E+00
3.00000001E+03	2.69803125E-01	1.19891992E+02	4.55467080E+00
3.10000001E+03	2.66875000E-01	1.21159536E+02	4.55467080E+00
3.20000001E+03	2.64068750E-01	1.22400107E+02	4.55467080E+00
3.30000001E+03	2.61365625E-01	1.23615093E+02	4.55467080E+00
3.40000001E+03	2.58775000E-01	1.24805776E+02	4.55467080E+00
3.50000001E+03	2.56290625E-01	1.25973336E+02	4.55467080E+00
3.60000001E+03	2.53896875E-01	1.27118862E+02	4.55467080E+00
3.70000001E+03	2.51584375E-01	1.28243367E+02	4.55467080E+00
3.80000001E+03	2.49362500E-01	1.29347788E+02	4.55467080E+00
3.90000001E+03	2.47215625E-01	1.30433000E+02	4.55467080E+00
4.00000001E+03	2.45137500E-01	1.31499816E+02	4.55467080E+00
4.10000001E+03	2.43128125E-01	1.32548997E+02	4.55467080E+00
4.20000001E+03	2.41178125E-01	1.33581253E+02	4.55467080E+00
4.30000001E+03	2.39298438E-01	1.34597252E+02	4.55467080E+00
4.40000001E+03	2.37475000E-01	1.35597619E+02	4.55467080E+00
4.50000001E+03	2.35700000E-01	1.36582941E+02	4.55467080E+00
4.60000001E+03	2.33975000E-01	1.37553772E+02	4.55467080E+00
4.70000001E+03	2.32315625E-01	1.38510632E+02	4.55467080E+00
4.80000001E+03	2.30684375E-01	1.39454015E+02	4.55467080E+00
4.90000001E+03	2.29104688E-01	1.40384384E+02	4.55467080E+00
5.00000001E+03	2.27564063E-01	1.41302180E+02	4.55467080E+00
5.10000001E+03	2.26075000E-01	1.42207819E+02	4.55467080E+00
5.20000001E+03	2.24606250E-01	1.43101695E+02	4.55467080E+00
5.30000001E+03	2.23184375E-01	1.43984184E+02	4.55467080E+00
5.40000001E+03	2.21795313E-01	1.44855641E+02	4.55467080E+00
5.50000001E+03	2.20460938E-01	1.45716404E+02	4.55467080E+00
5.60000001E+03	2.19132813E-01	1.46566796E+02	4.55467080E+00
5.70000001E+03	2.17854688E-01	1.47407124E+02	4.55467080E+00
5.80000001E+03	2.16578125E-01	1.48237680E+02	4.55467080E+00
5.90000001E+03	2.15354688E-01	1.49058743E+02	4.55467080E+00
6.00000001E+03	2.14148438E-01	1.49870581E+02	4.55467080E+00
6.10000001E+03	2.12968750E-01	1.50673447E+02	4.55467080E+00
6.20000001E+03	2.11825000E-01	1.51467586E+02	4.55467080E+00
6.30000001E+03	2.10693750E-01	1.52253232E+02	4.55467080E+00
6.40000001E+03	2.09585938E-01	1.53030606E+02	4.55467080E+00
6.50000001E+03	2.08518750E-01	1.53799925E+02	4.55467080E+00
6.60000001E+03	2.07462500E-01	1.54561394E+02	4.55467080E+00
6.70000001E+03	2.06418750E-01	1.55315209E+02	4.55467080E+00
6.80000001E+03	2.05392188E-01	1.56061560E+02	4.55467080E+00
6.90000001E+03	2.04395313E-01	1.56800629E+02	4.55467080E+00
7.00000001E+03	2.03440625E-01	1.57532592E+02	4.55467080E+00
7.10000001E+03	2.02470313E-01	1.58257616E+02	4.55467080E+00
7.20000001E+03	2.01528125E-01	1.58975865E+02	4.55467080E+00
7.30000001E+03	2.00592188E-01	1.59687493E+02	4.55467080E+00
7.40000001E+03	1.99690625E-01	1.60392651E+02	4.55467081E+00
7.50000001E+03	1.98793750E-01	1.61091485E+02	4.55467081E+00
7.60000001E+03	1.97928125E-01	1.61784135E+02	4.55467081E+00
7.70000001E+03	1.97068750E-01	1.62470735E+02	4.55467081E+00
7.80000001E+03	1.96220313E-01	1.63151416E+02	4.55467081E+00
7.90000001E+03	1.95381250E-01	1.63826303E+02	4.55467081E+00
8.00000001E+03	1.94567188E-01	1.64495520E+02	4.55467081E+00
8.10000001E+03	1.93764063E-01	1.65159182E+02	4.55467081E+00
8.20000001E+03	1.92971875E-01	1.65817404E+02	4.55467081E+00
8.30000001E+03	1.92190625E-01	1.66470297E+02	4.55467081E+00
8.40000001E+03	1.91443750E-01	1.67117966E+02	4.55467081E+00
8.50000001E+03	1.90681250E-01	1.67760515E+02	4.55467081E+00
8.60000001E+03	1.89937500E-01	1.68398044E+02	4.55467081E+00
8.70000001E+03	1.89198438E-01	1.69030650E+02	4.55467081E+00
8.80000001E+03	1.88487500E-01	1.69658426E+02	4.55467081E+00
8.90000001E+03	1.87776563E-01	1.70281465E+02	4.55467081E+00
9.00000001E+03	1.87082813E-01	1.70899854E+02	4.55467081E+00
9.10000001E+03	1.86387500E-01	1.71513679E+02	4.55467081E+00
9.20000001E+03	1.85720313E-01	1.72123024E+02	4.55467081E+00
9.30000001E+03	1.85059375E-01	1.72727969E+02	4.55467081E+00
9.40000001E+03	1.84382813E-01	1.73328593E+02	4.55467081E+00
9.50000001E+03	1.83739063E-01	1.73924971E+02	4.55467081E+00
9.60000001E+03	1.83098438E-01	1.74517180E+02	4.55467081E+00
9.70000001E+03	1.82471875E-01	1.75105290E+02	4.55467081E+00
9.80000001E+03	1.81857813E-01	1.75689372E+02	4.55467081E+00
9.90000001E+03	1.81243750E-01	1.76269493E+02	4.55467081E+00
1.00000000E+04	1.80626563E-01	1.76845722E+02	4.55467081E+00
1.01000000E+04	1.80042188E-01	1.77418121E+02	4.55467081E+00
1.02000000E+04	1.79448438E-01	1.77986755E+02	4.55467081E+00
1.03000000E+04	1.78864063E-01	1.78551684E+02	4.55467081E+00
1.04000000E+04	1.78281250E-01	1.79112968E+02	4.55467081E+00
1.05000000E+04	1.77718750E-01	1.79670666E+02	4.55467081E+00
1.06000000E+04	1.77148438E-01	1.80224834E+02	4.55467081E+00
1.07000000E+04	1.76590625E-01	1.80775527E+02	4.55467081E+00
1.08000000E+04	1.76062500E-01	1.81322800E+02	4.55467081E+00
1.09000000E+04	1.75518750E-01	1.81866705E+02	4.55467081E+00
1.10000000E+04	1.74973438E-01	1.82407294E+02	4.55467081E+00
1.11000000E+04	1.74462500E-01	1.82944616E+02	4.55467081E+00
1.12000000E+04	1.73932813E-01	1.83478721E+02	4.55467081E+00
1.13000000E+04	1.73410938E-01	1.84009655E+02	4.55467081E+00
1.14000000E+04	1.72907813E-01	1.84537467E+02	4.55467081E+00
1.15000000E+04	1.72395313E-01	1.85062201E+02	4.55467081E+00
1.16000000E+04	1.71909375E-01	1.85583902E+02	4.55467081E+00
1.17000000E+04	1.71418750E-01	1.86102613E+02	4.55467081E+00
1.18000000E+04	1.70932813E-01	1.86618376E+02	4.55467081E+00
1.19000000E+04	1.70462500E-01	1.87131234E+02	4.55467081E+00
1.20000000E+04	1.69971875E-01	1.87641227E+02	4.55467081E+00
1.21000000E+04	1.69507813E-01	1.88148394E+02	4.55467081E+00
1.22000000E+04	1.69053125E-01	1.88652775E+02	4.55467081E+00
1.23000000E+04	1.68579688E-01	1.89154407E+02	4.55467081E+00
1.24000000E+04	1.68131250E-01	1.89653327E+02	4.55467081E+00
1.25000000E+04	1.67681250E-01	1.90149572E+02	4.55467081E+00
1.26000000E+04	1.67245313E-01	1.90643178E+02	4.55467081E+00
1.27000000E+04	1.66788281E-01	1.91134179E+02	4.55467081E+00
1.28000000E+04	1.66359375E-01	1.91622609E+02	4.55467081E+00
1.29000000E+04	1.65931250E-01	1.92108501E+02	4.55467081E+00
1.30000000E+04	1.65500000E-01	1.92591889E+02	4.55467081E+00
1.31000000E+04	1.65082031E-01	1.93072805E+02	4.55467081E+00
1.32000000E+04	1.64667969E-01	1.93551279E+02	4.55467081E+00
1.33000000E+04	1.64259375E-01	1.94027343E+02	4.55467081E+00
1.34000000E+04	1.63849219E-01	1.94501026E+02	4.55467081E+00
1.35000000E+04	1.63445313E-01	1.94972359E+02	4.55467081E+00
1.36000000E+04	1.63044531E-01	1.95441369E+02	4.55467081E+00
1.37000000E+04	1.62645313E-01	1.95908087E+02	4.55467081E+00
1.38000000E+04	1.62252344E-01	1.96372538E+02	4.55467081E+00
1.39000000E+04	1.61861719E-01	1.96834751E+02	4.55467081E+00
1.40000000E+04	1.61469531E-01	1.97294753E+02	4.55467081E+00
1.41000000E+04	1.61082813E-01	1.97752569E+02	4.55467081E+00
1.42000000E+04	1.60702344E-01	1.98208226E+02	4.55467081E+00
1.43000000E+04	1.60330469E-01	1.98661749E+02	4.55467081E+00
1.44000000E+04	1.59953125E-01	1.99113162E+02	4.55467081E+00
1.45000000E+04	1.59581250E-01	1.99562490E+02	4.55467081E+00
1.46000000E+04	1.59221875E-01	2.00009757E+02	4.55467081E+00
1.47000000E+04	1.58867188E-01	2.00454986E+02	4.55467081E+00
1.48000000E+04	1.58499219E-01	2.00898201E+02	4.55467081E+00
1.49000000E+04	1.58143750E-01	2.01339424E+02	4.55467081E+00
1.50000000E+04	1.57787500E-01	2.01778676E+02	4.55467081E+00
1.51000000E+04	1.57457813E-01	2.02215981E+02	4.55467081E+00
1.52000000E+04	1.57096094E-01	2.02651360E+02	4.55467081E+00
1.53000000E+04	1.56753906E-01	2.03084833E+02	4.55467081E+00
1.54000000E+04	1.56411719E-01	2.03516421E+02	4.55467081E+00
1.55000000E+04	1.56081250E-01	2.03946145E+02	4.55467081E+00
1.56000000E+04	1.55742969E-01	2.04374025E+02	4.55467081E+00
1.57000000E+04	1.55408594E-01	2.04800080E+02	4.55467081E+00
1.58000000E+04	1.55085938E-01	2.05224330E+02	4.55467081E+00
1.59000000E+04	1.54759375E-01	2.05646793E+02	4.55467081E+00
1.60000000E+04	1.54446875E-01	2.06067489E+02	4.55467081E+00
1.61000000E+04	1.54121094E-01	2.06486436E+02	4.55467081E+00
1.62000000E+04	1.53790625E-01	2.06903651E+02	4.55467081E+00
1.63000000E+04	1.53483594E-01	2.07319153E+02	4.55467081E+00
1.64000000E+04	1.53167188E-01	2.07732959E+02	4.55467081E+00
1.65000000E+04	1.52867188E-01	2.08145086E+02	4.55467081E+00
1.66000000E+04	1.52550000E-01	2.08555552E+02	4.55467081E+00
1.67000000E+04	1.52259375E-01	2.08964372E+02	4.55467081E+00
1.68000000E+04	1.51942969E-01	2.09371563E+02	4.55467081E+00
1.69000000E+04	1.51658594E-01	2.09777142E+02	4.55467081E+00
1.70000000E+04	1.51344531E-01	2.10181124E+02	4.55467081E+00
1.71000000E+04	1.51062500E-01	2.10583525E+02	4.55467081E+00
1.72000000E+04	1.50758594E-01	2.10984360E+02	4.55467081E+00
1.73000000E+04	1.50471094E-01	2.11383644E+02	4.55467081E+00
1.74000000E+04	1.50173438E-01	2.11781393E+02	4.55467081E+00
1.75000000E+04	1.49891406E-01	2.12177621E+02	4.55467081E+00
1.76000000E+04	1.49600000E-01	2.12572342E+02	4.55467081E+00
1.77000000E+04	1.49329688E-01	2.12965571E+02	4.55467081E+00
1.78000000E+04	1.49058594E-01	2.13357321E+02	4.55467081E+00
1.79000000E+04	1.48764844E-01	2.13747607E+02	4.55467081E+00
1.80000000E+04	1.48490625E-01	2.14136442E+02	4.55467081E+00
1.81000000E+04	1.48212500E-01	2.14523840E+02	4.55467081E+00
1.82000000E+04	1.47943750E-01	2.14909813E+02	4.55467081E+00
1.83000000E+04	1.47679688E-01	2.15294375E+02	4.55467081E+00
1.84000000E+04	1.47398438E-01	2.15677539E+02	4.55467081E+00
1.85000000E+04	1.47140625E-01	2.16059317E+02	4.55467081E+00
1.86000000E+04	1.46880469E-01	2.16439722E+02	4.55467081E+00
1.87000000E+04	1.46610156E-01	2.16818765E+02	4.55467081E+00
1.88000000E+04	1.46353125E-01	2.17196460E+02	4.55467081E+00
1.89000000E+04	1.46094531E-01	2.17572817E+02	4.55467081E+00
1.90000000E+04	1.45850000E-01	2.17947850E+02	4.55467081E+00
1.91000000E+04	1.45580469E-01	2.18321569E+02	4.55467081E+00
1.92000000E+04	1.45332813E-01	2.18693985E+02	4.55467081E+00
1.93000000E+04	1.45082031E-01	2.19065111E+02	4.55467081E+00
1.94000000E+04	1.44844531E-01	2.19434957E+02	4.55467081E+00
1.95000000E+04	1.44578125E-01	2.19803535E+02	4.55467081E+00
1.96000000E+04	1.44337500E-01	2.20170854E+02	4.55467081E+00
1.97000000E+04	1.44090625E-01	2.20536926E+02	4.55467081E+00
1.98000000E+04	1.43860156E-01	2.20901761E+02	4.55467081E+00
1.99000000E+04	1.43598438E-01	2.21265370E+02	4.55467081E+00
2.00000000E+04	1.43365625E-01	2.21627763E+02	4.55467081E+00
2.01000000E+04	1.43132031E-01	2.21988950E+02	4.55467081E+00
2.02000000E+04	1.42892188E-01	2.22348941E+02	4.55467081E+00
2.03000000E+04	1.42665625E-01	2.22707746E+02	4.55467081E+00
2.04000000E+04	1.42425000E-01	2.23065374E+02	4.55467081E+00
2.05000000E+04	1.42185938E-01	2.23421836E+02	4.55467081E+00
2.06000000E+04	1.41962500E-01	2.23777140E+02	4.55467081E+00
2.07000000E+04	1.41734375E-01	2.24131296E+02	4.55467081E+00
2.08000000E+04	1.41504688E-01	2.24484313E+02	4.55467081E+00
2.09000000E+04	1.41282031E-01	2.24836201E+02	4.55467081E+00
2.10000000E+04	1.41064063E-01	2.25186968E+02	4.55467081E+00
2.11000000E+04	1.40845313E-01	2.25536624E+02	4.55467081E+00
2.12000000E+04	1.40603125E-01	2.25885176E+02	4.55467081E+00
2.13000000E+04	1.40383594E-01	2.26232634E+02	4.55467081E+00
2.14000000E+04	1.40167969E-01	2.26579006E+02	4.55467081E+00
2.15000000E+04	1.39950781E-01	2.26924301E+02	4.55467081E+00
2.16000000E+04	1.39738281E-01	2.27268526E+02	4.55467081E+00
2.17000000E+04	1.39528125E-01	2.27611691E+02	4.55467081E+00
2.18000000E+04	1.39309375E-01	2.27953804E+02	4.55467081E+00
2.19000000E+04	1.39094531E-01	2.28294871E+02	4.55467081E+00
2.20000000E+04	1.38885938E-01	2.28634902E+02	4.55467081E+00
2.21000000E+04	1.38679688E-01	2.28973904E+02	4.55467081E+00
2.22000000E+04	1.38471094E-01	2.29311885E+02	4.55467081E+00
2.23000000E+04	1.38267188E-01	2.29648853E+02	4.55467081E+00
2.24000000E+04	1.38064063E-01	2.29984815E+02	4.55467081E+00
2.25000000E+04	1.37860156E-01	2.30319778E+02	4.55467081E+00
2.26000000E+04	1.37658594E-01	2.30653750E+02	4.55467081E+00
2.27000000E+04	1.37453906E-01	2.30986739E+02	4.55467081E+00
2.28000000E+04	1.37253125E-01	2.31318751E+02	4.55467081E+00
2.29000000E+04	1.37053125E-01	2.31649794E+02	4.55467081E+00
2.30000000E+04	1.36853906E-01	2.31979874E+02	4.55467081E+00
2.31000000E+04	1.36658594E-01	2.32308999E+02	4.55467081E+00
2.32000000E+04	1.36460156E-01	2.32637175E+02	4.55467081E+00
2.33000000E+04	1.36264063E-01	2.32964410E+02	4.55467081E+00
2.34000000E+04	1.36066406E-01	2.33290710E+02	4.55467081E+00
2.35000000E+04	1.35870313E-01	2.33616081E+02	4.55467081E+00
2.36000000E+04	1.35678125E-01	2.33940531E+02	4.55467081E+00
2.37000000E+04	1.35483594E-01	2.34264066E+02	4.55467081E+00
2.38000000E+04	1.35291406E-01	2.34586691E+02	4.55467081E+00
2.39000000E+04	1.35100781E-01	2.34908415E+02	4.55467081E+00
2.40000000E+04	1.34921875E-01	2.35229242E+02	4.55467081E+00
2.41000000E+04	1.34732031E-01	2.35549179E+02	4.55467081E+00
2.42000000E+04	1.34541406E-01	2.35868232E+02	4.55467081E+00
2.43000000E+04	1.34359375E-01	2.36186408E+02	4.55467081E+00
2.44000000E+04	1.34170313E-01	2.36503712E+02	4.55467081E+00
2.45000000E+04	1.33985156E-01	2.36820150E+02	4.55467081E+00
2.46000000E+04	1.33803125E-01	2.37135728E+02	4.55467081E+00
2.47000000E+04	1.33628906E-01	2.37450452E+02	4.55467081E+00
2.48000000E+04	1.33460938E-01	2.37764328E+02	4.55467081E+00
2.49000000E+04	1.33274219E-01	2.38077361E+02	4.55467081E+00
2.50000000E+04	1.33091406E-01	2.38389557E+02	4.55467081E+00
2.51000000E+04	1.32921875E-01	2.38700922E+02	4.55467081E+00
2.52000000E+04	1.32739844E-01	2.39011461E+02	4.55467081E+00
2.53000000E+04	1.32564063E-01	2.39321179E+02	4.55467081E+00
2.54000000E+04	1.32384375E-01	2.39630083E+02	4.55467081E+00
2.55000000E+04	1.32211719E-01	2.39938177E+02	4.55467081E+00
2.56000000E+04	1.32055469E-01	2.40245466E+02	4.55467081E+00
2.57000000E+04	1.31878125E-01	2.40551956E+02	4.55467081E+00
2.58000000E+04	1.31700781E-01	2.40857652E+02	4.55467081E+00
2.59000000E+04	1.31534375E-01	2.41162559E+02	4.55467081E+00
2.60000000E+04	1.31363281E-01	2.41466682E+02	4.55467082E+00
2.61000000E+04	1.31189844E-01	2.41770027E+02	4.55467082E+00
2.62000000E+04	1.31028906E-01	2.42072598E+02	4.55467082E+00
2.63000000E+04	1.30868750E-01	2.42374399E+02	4.55467082E+00
2.64000000E+04	1.30695313E-01	2.42675437E+02	4.55467082E+00
2.65000000E+04	1.30534375E-01	2.42975715E+02	4.55467082E+00
2.66000000E+04	1.30366406E-01	2.43275239E+02	4.55467082E+00
2.67000000E+04	1.30196875E-01	2.43574014E+02	4.55467082E+00
2.68000000E+04	1.30054688E-01	2.43872043E+02	4.55467082E+00
2.69000000E+04	1.29884375E-01	2.44169332E+02	4.55467082E+00
2.70000000E+04	1.29728125E-01	2.44465884E+02	4.55467082E+00
2.71000000E+04	1.29561719E-01	2.44761706E+02	4.55467082E+00
2.72000000E+04	1.29395313E-01	2.45056801E+02	4.55467082E+00
2.73000000E+04	1.29259375E-01	2.45351173E+02	4.55467082E+00
2.74000000E+04	1.29089063E-01	2.45644827E+02	4.55467082E+00
2.75000000E+04	1.28933594E-01	2.45937768E+02	4.55467082E+00
2.76000000E+04	1.28771094E-01	2.46229999E+02	4.55467082E+00
2.77000000E+04	1.28621875E-01	2.46521526E+02	4.55467082E+00
2.78000000E+04	1.28471094E-01	2.46812351E+02	4.55467082E+00
2.79000000E+04	1.28313281E-01	2.47102480E+02	4.55467082E+00
2.80000000E+04	1.28160156E-01	2.47391917E+02	4.55467082E+00
2.81000000E+04	1.27997656E-01	2.47680665E+02	4.55467082E+00
2.82000000E+04	1.27864844E-01	2.47968729E+02	4.55467082E+00
2.83000000E+04	1.27703906E-01	2.48256113E+02	4.55467082E+00
2.84000000E+04	1.27553906E-01	2.48542820E+02	4.55467082E+00
2.85000000E+04	1.27396875E-01	2.48828856E+02	4.55467082E+00
2.86000000E+04	1.27265625E-01	2.49114223E+02	4.55467082E+00
2.87000000E+04	1.27110156E-01	2.49398925E+02	4.55467082E+00
2.88000000E+04	1.26961719E-01	2.49682967E+02	4.55467082E+00
2.89000000E+04	1.26810156E-01	2.49966353E+02	4.55467082E+00
2.90000000E+04	1.26672656E-01	2.50249085E+02	4.55467082E+00
2.91000000E+04	1.26528906E-01	2.50531168E+02	4.55467082E+00
2.92000000E+04	1.26374219E-01	2.50812606E+02	4.55467082E+00
2.93000000E+04	1.26246875E-01	2.51093401E+02	4.55467082E+00
2.94000000E+04	1.26091406E-01	2.51373559E+02	4.55467082E+00
2.95000000E+04	1.25946875E-01	2.51653082E+02	4.55467082E+00
2.96000000E+04	1.25798438E-01	2.51931974E+02	4.55467082E+00
2.97000000E+04	1.25671094E-01	2.52210239E+02	4.55467082E+00
2.98000000E+04	1.25530469E-01	2.52487880E+02	4.55467082E+00
2.99000000E+04	1.25381250E-01	2.52764900E+02	4.55467082E+00
3.00000000E+04	1.25259375E-01	2.53041303E+02	4.55467082E+00
3.01000000E+04	1.25109375E-01	2.53317093E+02	4.55467082E+00
3.02000000E+04	1.24966406E-01	2.53592273E+02	4.55467082E+00
3.03000000E+04	1.24845313E-01	2.53866846E+02	4.55467082E+00
3.04000000E+04	1.24693750E-01	2.54140815E+02	4.55467082E+00
3.05000000E+04	1.24559375E-01	2.54414184E+02	4.55467082E+00
3.06000000E+04	1.24422656E-01	2.54686956E+02	4.55467082E+00
3.07000000E+04	1.24288281E-01	2.54959135E+02	4.55467082E+00
3.08000000E+04	1.24148438E-01	2.55230724E+02	4.55467082E+00
3.09000000E+04	1.24013281E-01	2.55501725E+02	4.55467082E+00
3.10000000E+04	1.23885938E-01	2.55772142E+02	4.55467082E+00
3.11000000E+04	1.23748438E-01	2.56041978E+02	4.55467082E+00
3.12000000E+04	1.23621094E-01	2.56311236E+02	4.55467082E+00
3.13000000E+04	1.23489063E-01	2.56579920E+02	4.55467082E+00
3.14000000E+04	1.23354688E-01	2.56848032E+02	4.55467082E+00
3.15000000E+04	1.23225781E-01	2.57115575E+02	4.55467082E+00
3.16000000E+04	1.23094531E-01	2.57382552E+02	4.55467082E+00
3.17000000E+04	1.22964844E-01	2.57648967E+02	4.55467082E+00
3.18000000E+04	1.22848438E-01	2.57914823E+02	4.55467082E+00
3.19000000E+04	1.22710156E-01	2.58180121E+02	4.55467082E+00
3.20000000E+04	1.22576563E-01	2.58444866E+02	4.55467082E+00
3.21000000E+04	1.22464063E-01	2.58709060E+02	4.55467082E+00
3.22000000E+04	1.22331250E-01	2.58972705E+02	4.55467082E+00
3.23000000E+04	1.22192969E-01	2.59235805E+02	4.55467082E+00
3.24000000E+04	1.22078906E-01	2.59498363E+02	4.55467082E+00
3.25000000E+04	1.21946094E-01	2.59760381E+02	4.55467082E+00
3.26000000E+04	1.21824219E-01	2.60021862E+02	4.55467082E+00
3.27000000E+04	1.21697656E-01	2.60282809E+02	4.55467082E+00
3.28000000E+04	1.21571875E-01	2.60543225E+02	4.55467082E+00
3.29000000E+04	1.21464063E-01	2.60803112E+02	4.55467082E+00
3.30000000E+04	1.21332813E-01	2.61062472E+02	4.55467082E+00
3.31000000E+04	1.21199219E-01	2.61321310E+02	4.55467082E+00
3.32000000E+04	1.21087109E-01	2.61579626E+02	4.55467082E+00
3.33000000E+04	1.20964453E-01	2.61837424E+02	4.55467082E+00
3.34000000E+04	1.20854688E-01	2.62094707E+02	4.55467082E+00
3.35000000E+04	1.20728906E-01	2.62351477E+02	4.55467082E+00
3.36000000E+04	1.20595703E-01	2.62607736E+02	4.55467082E+00
3.37000000E+04	1.20485156E-01	2.62863487E+02	4.55467082E+00
3.38000000E+04	1.20364844E-01	2.63118733E+02	4.55467082E+00
3.39000000E+04	1.20260156E-01	2.63373476E+02	4.55467082E+00
3.40000000E+04	1.20132031E-01	2.63627718E+02	4.55467082E+00
3.41000000E+04	1.20004297E-01	2.63881462E+02	4.55467082E+00
3.42000000E+04	1.19893750E-01	2.64134711E+02	4.55467082E+00
3.43000000E+04	1.19772656E-01	2.64387467E+02	4.55467082E+00
3.44000000E+04	1.19668750E-01	2.64639731E+02	4.55467082E+00
3.45000000E+04	1.19544141E-01	2.64891508E+02	4.55467082E+00
3.46000000E+04	1.19445703E-01	2.65142798E+02	4.55467082E+00
3.47000000E+04	1.19322266E-01	2.65393605E+02	4.55467082E+00
3.48000000E+04	1.19193750E-01	2.65643930E+02	4.55467082E+00
3.49000000E+04	1.19089063E-01	2.65893776E+02	4.55467082E+00
3.50000000E+04	1.18970313E-01	2.66143145E+02	4.55467082E+00
3.51000000E+04	1.18868359E-01	2.66392040E+02	4.55467082E+00
3.52000000E+04	1.18746094E-01	2.66640462E+02	4.55467082E+00
3.53000000E+04	1.18647656E-01	2.66888415E+02	4.55467082E+00
3.54000000E+04	1.18529688E-01	2.67135899E+02	4.55467082E+00
3.55000000E+04	1.18409375E-01	2.67382918E+02	4.55467082E+00
3.56000000E+04	1.18299609E-01	2.67629473E+02	4.55467082E+00
3.57000000E+04	1.18185156E-01	2.67875568E+02	4.55467082E+00
3.58000000E+04	1.18083594E-01	2.68121203E+02	4.55467082E+00
3.59000000E+04	1.17968750E-01	2.68366381E+02	4.55467082E+00
3.60000000E+04	1.17869141E-01	2.68611104E+02	4.55467082E+00
3.61000000E+04	1.17750781E-01	2.68855374E+02	4.55467082E+00
3.62000000E+04	1.17655859E-01	2.69099194E+02	4.55467082E+00
3.63000000E+04	1.17538281E-01	2.69342565E+02	4.55467082E+00
3.64000000E+04	1.17429297E-01	2.69585490E+02	4.55467082E+00
3.65000000E+04	1.17326563E-01	2.69827970E+02	4.55467082E+00
3.66000000E+04	1.17210156E-01	2.70070007E+02	4.55467082E+00
3.67000000E+04	1.17110156E-01	2.70311604E+02	4.55467082E+00
3.68000000E+04	1.16994141E-01	2.70552763E+02	4.55467082E+00
3.69000000E+04	1.16894922E-01	2.70793485E+02	4.55467082E+00
3.70000000E+04	1.16784766E-01	2.71033773E+02	4.55467082E+00
3.71000000E+04	1.16687109E-01	2.71273628E+02	4.55467082E+00
3.72000000E+04	1.16576563E-01	2.71513052E+02	4.55467082E+00
3.73000000E+04	1.16481250E-01	2.71752048E+02	4.55467082E+00
3.74000000E+04	1.16369531E-01	2.71990617E+02	4.55467082E+00
3.75000000E+04	1.16273438E-01	2.72228761E+02	4.55467082E+00
3.76000000E+04	1.16165234E-01	2.72466482E+02	4.55467082E+00
3.77000000E+04	1.16069531E-01	2.72703782E+02	4.55467082E+00
3.78000000E+04	1.15961328E-01	2.72940663E+02	4.55467082E+00
3.79000000E+04	1.15866797E-01	2.73177126E+02	4.55467082E+00
3.80000000E+04	1.15755859E-01	2.73413174E+02	4.55467082E+00
3.81000000E+04	1.15665234E-01	2.73648808E+02	4.55467082E+00
3.82000000E+04	1.15553906E-01	2.73884030E+02	4.55467082E+00
3.83000000E+04	1.15464844E-01	2.74118842E+02	4.55467082E+00
3.84000000E+04	1.15351172E-01	2.74353245E+02	4.55467082E+00
3.85000000E+04	1.15264844E-01	2.74587242E+02	4.55467082E+00
3.86000000E+04	1.15151953E-01	2.74820834E+02	4.55467082E+00
3.87000000E+04	1.15065234E-01	2.75054023E+02	4.55467082E+00
3.88000000E+04	1.14954688E-01	2.75286810E+02	4.55467082E+00
3.89000000E+04	1.14866406E-01	2.75519198E+02	4.55467082E+00
3.90000000E+04	1.14760156E-01	2.75751188E+02	4.55467082E+00
3.91000000E+04	1.14668750E-01	2.75982782E+02	4.55467082E+00
3.92000000E+04	1.14564063E-01	2.76213982E+02	4.55467082E+00
3.93000000E+04	1.14471875E-01	2.76444788E+02	4.55467082E+00
3.94000000E+04	1.14367188E-01	2.76675203E+02	4.55467082E+00
3.95000000E+04	1.14278906E-01	2.76905229E+02	4.55467082E+00
3.96000000E+04	1.14172266E-01	2.77134867E+02	4.55467082E+00
3.97000000E+04	1.14083594E-01	2.77364118E+02	4.55467082E+00
3.98000000E+04	1.13981641E-01	2.77592985E+02	4.55467082E+00
3.99000000E+04	1.13890625E-01	2.77821469E+02	4.55467082E+00
4.00000000E+04	1.13789453E-01	2.78049571E+02	4.55467082E+00
4.01000000E+04	1.13698047E-01	2.78277293E+02	4.55467082E+00
4.02000000E+04	1.13597656E-01	2.78504638E+02	4.55467082E+00
4.03000000E+04	1.13513672E-01	2.78731605E+02	4.55467082E+00
4.04000000E+04	1.13421484E-01	2.78958198E+02	4.55467082E+00
4.05000000E+04	1.13330859E-01	2.79184416E+02	4.55467082E+00
4.06000000E+04	1.13246094E-01	2.79410263E+02	4.55467082E+00
4.07000000E+04	1.13139844E-01	2.79635739E+02	4.55467083E+00
4.08000000E+04	1.13060156E-01	2.79860846E+02	4.55467083E+00
4.09000000E+04	1.12951953E-01	2.80085586E+02	4.55467083E+00
4.10000000E+04	1.12869531E-01	2.80309959E+02	4.55467083E+00
4.11000000E+04	1.12768750E-01	2.80533968E+02	4.55467083E+00
4.12000000E+04	1.12682813E-01	2.80757614E+02	4.55467083E+00
4.13000000E+04	1.12583594E-01	2.80980899E+02	4.55467083E+00
4.14000000E+04	1.12496484E-01	2.81203823E+02	4.55467083E+00
4.15000000E+04	1.12398828E-01	2.81426388E+02	4.55467083E+00
4.16000000E+04	1.12323047E-01	2.81648597E+02	4.55467083E+00
4.17000000E+04	1.12228906E-01	2.81870449E+02	4.55467083E+00
4.18000000E+04	1.12139063E-01	2.82091947E+02	4.55467083E+00
4.19000000E+04	1.12060938E-01	2.82313092E+02	4.55467083E+00
4.20000000E+04	1.11960547E-01	2.82533886E+02	4.55467083E+00
4.21000000E+04	1.11876172E-01	2.82754329E+02	4.55467083E+00
4.22000000E+04	1.11779297E-01	2.82974424E+02	4.55467083E+00
4.23000000E+04	1.11694141E-01	2.83194171E+02	4.55467083E+00
4.24000000E+04	1.11598047E-01	2.83413572E+02	4.55467083E+00
4.25000000E+04	1.11524609E-01	2.83632628E+02	4.55467083E+00
4.26000000E+04	1.11446094E-01	2.83851341E+02	4.55467083E+00
4.27000000E+04	1.11343750E-01	2.84069712E+02	4.55467083E+00
4.28000000E+04	1.11266406E-01	2.84287742E+02	4.55467083E+00
4.29000000E+04	1.11169141E-01	2.84505433E+02	4.55467083E+00
4.30000000E+04	1.11086719E-01	2.84722786E+02	4.55467083E+00
4.31000000E+04	1.10992188E-01	2.84939802E+02	4.55467083E+00
4.32000000E+04	1.10921484E-01	2.85156483E+02	4.55467083E+00
4.33000000E+04	1.10829297E-01	2.85372830E+02	4.55467083E+00
4.34000000E+04	1.10742188E-01	2.85588843E+02	4.55467083E+00
4.35000000E+04	1.10666406E-01	2.85804526E+02	4.55467083E+00
4.36000000E+04	1.10569922E-01	2.86019877E+02	4.55467083E+00
4.37000000E+04	1.10490234E-01	2.86234900E+02	4.55467083E+00
4.38000000E+04	1.10396484E-01	2.86449596E+02	4.55467083E+00
4.39000000E+04	1.10326563E-01	2.86663964E+02	4.55467083E+00
4.40000000E+04	1.10248828E-01	2.86878007E+02	4.55467083E+00
4.41000000E+04	1.10151563E-01	2.87091727E+02	4.55467083E+00
4.42000000E+04	1.10075391E-01	2.87305123E+02	4.55467083E+00
4.43000000E+04	1.09983203E-01	2.87518198E+02	4.55467083E+00
4.44000000E+04	1.09904688E-01	2.87730952E+02	4.55467083E+00
4.45000000E+04	1.09823438E-01	2.87943387E+02	4.55467083E+00
4.46000000E+04	1.09741016E-01	2.88155504E+02	4.55467083E+00
4.47000000E+04	1.09667188E-01	2.88367305E+02	4.55467083E+00
4.48000000E+04	1.09572656E-01	2.88578789E+02	4.55467083E+00
4.49000000E+04	1.09494922E-01	2.88789959E+02	4.55467083E+00
4.50000000E+04	1.09410547E-01	2.89000816E+02	4.55467083E+00
4.51000000E+04	1.09335547E-01	2.89211361E+02	4.55467083E+00
4.52000000E+04	1.09264453E-01	2.89421595E+02	4.55467083E+00
4.53000000E+04	1.09169531E-01	2.89631519E+02	4.55467083E+00
4.54000000E+04	1.09092188E-01	2.89841134E+02	4.55467083E+00
4.55000000E+04	1.09005859E-01	2.90050441E+02	4.55467083E+00
4.56000000E+04	1.08934766E-01	2.90259442E+02	4.55467083E+00
4.57000000E+04	1.08864844E-01	2.90468138E+02	4.55467083E+00
4.58000000E+04	1.08770703E-01	2.90676530E+02	4.55467083E+00
4.59000000E+04	1.08694531E-01	2.90884618E+02	4.55467083E+00
4.60000000E+04	1.08611719E-01	2.91092405E+02	4.55467083E+00
4.61000000E+04	1.08539063E-01	2.91299890E+02	4.55467083E+00
4.62000000E+04	1.08467578E-01	2.91507076E+02	4.55467083E+00
4.63000000E+04	1.08377344E-01	2.91713963E+02	4.55467083E+00
4.64000000E+04	1.08301563E-01	2.91920552E+02	4.55467083E+00
4.65000000E+04	1.08226172E-01	2.92126845E+02	4.55467083E+00
4.66000000E+04	1.08146094E-01	2.92332842E+02	4.55467083E+00
4.67000000E+04	1.08076172E-01	2.92538544E+02	4.55467083E+00
4.68000000E+04	1.07988672E-01	2.92743953E+02	4.55467083E+00
4.69000000E+04	1.07923047E-01	2.92949070E+02	4.55467083E+00
4.70000000E+04	1.07851953E-01	2.93153895E+02	4.55467083E+00
4.71000000E+04	1.07764453E-01	2.93358430E+02	4.55467083E+00
4.72000000E+04	1.07689844E-01	2.93562676E+02	4.55467083E+00
4.73000000E+04	1.07605469E-01	2.93766634E+02	4.55467083E+00
4.74000000E+04	1.07537500E-01	2.93970304E+02	4.55467083E+00
4.75000000E+04	1.07468750E-01	2.94173688E+02	4.55467083E+00
4.76000000E+04	1.07381641E-01	2.94376787E+02	4.55467083E+00
4.77000000E+04	1.07311719E-01	2.94579601E+02	4.55467083E+00
4.78000000E+04	1.07248047E-01	2.94782132E+02	4.55467083E+00
4.79000000E+04	1.07161328E-01	2.94984381E+02	4.55467083E+00
4.80000000E+04	1.07088672E-01	2.95186349E+02	4.55467083E+00
4.81000000E+04	1.07005469E-01	2.95388036E+02	4.55467083E+00
4.82000000E+04	1.06939844E-01	2.95589444E+02	4.55467083E+00
4.83000000E+04	1.06870703E-01	2.95790574E+02	4.55467083E+00
4.84000000E+04	1.06785156E-01	2.95991426E+02	4.55467083E+00
4.85000000E+04	1.06723438E-01	2.96192001E+02	4.55467083E+00
4.86000000E+04	1.06655469E-01	2.96392302E+02	4.55467083E+00
4.87000000E+04	1.06568750E-01	2.96592327E+02	4.55467083E+00
4.88000000E+04	1.06496875E-01	2.96792079E+02	4.55467083E+00
4.89000000E+04	1.06426563E-01	2.96991558E+02	4.55467083E+00
4.90000000E+04	1.06351172E-01	2.97190766E+02	4.55467083E+00
4.91000000E+04	1.06283984E-01	2.97389702E+02	4.55467083E+00
4.92000000E+04	1.06201172E-01	2.97588369E+02	4.55467083E+00
4.93000000E+04	1.06139063E-01	2.97786767E+02	4.55467083E+00
4.94000000E+04	1.06071484E-01	2.97984896E+02	4.55467083E+00
4.95000000E+04	1.05988672E-01	2.98182759E+02	4.55467083E+00
4.96000000E+04	1.05929297E-01	2.98380355E+02	4.55467083E+00
4.97000000E+04	1.05863672E-01	2.98577686E+02	4.55467083E+00
4.98000000E+04	1.05776563E-01	2.98774752E+02	4.55467083E+00
4.99000000E+04	1.05711328E-01	2.98971554E+02	4.55467083E+00
5.00000000E+04	1.05651563E-01	2.99168094E+02	4.55467083E+00
5.01000000E+04	1.05567188E-01	2.99364372E+02	4.55467083E+00
5.02000000E+04	1.05497266E-01	2.99560389E+02	4.55467083E+00
5.03000000E+04	1.05430078E-01	2.99756146E+02	4.55467083E+00
5.04000000E+04	1.05360547E-01	2.99951643E+02	4.55467083E+00
5.05000000E+04	1.05290625E-01	3.00146882E+02	4.55467083E+00
5.06000000E+04	1.05222266E-01	3.00341864E+02	4.55467083E+00
5.07000000E+04	1.05148438E-01	3.00536588E+02	4.55467083E+00
5.08000000E+04	1.05084375E-01	3.00731057E+02	4.55467083E+00
5.09000000E+04	1.05010156E-01	3.00925271E+02	4.55467083E+00
5.10000000E+04	1.04944141E-01	3.01119231E+02	4.55467083E+00
5.11000000E+04	1.04881250E-01	3.01312937E+02	4.55467083E+00
5.12000000E+04	1.04799219E-01	3.01506391E+02	4.55467083E+00
5.13000000E+04	1.04740234E-01	3.01699593E+02	4.55467083E+00
5.14000000E+04	1.04676563E-01	3.01892544E+02	4.55467083E+00
5.15000000E+04	1.04596484E-01	3.02085245E+02	4.55467083E+00
5.16000000E+04	1.04537500E-01	3.02277696E+02	4.55467083E+00
5.17000000E+04	1.04473438E-01	3.02469899E+02	4.55467083E+00
5.18000000E+04	1.04394531E-01	3.02661855E+02	4.55467083E+00
5.19000000E+04	1.04335938E-01	3.02853563E+02	4.55467083E+00
5.20000000E+04	1.04272656E-01	3.03045026E+02	4.55467083E+00
5.21000000E+04	1.04194141E-01	3.03236243E+02	4.55467083E+00
5.22000000E+04	1.04135938E-01	3.03427216E+02	4.55467083E+00
5.23000000E+04	1.04073047E-01	3.03617945E+02	4.55467083E+00
5.24000000E+04	1.03994531E-01	3.03808431E+02	4.55467083E+00
5.25000000E+04	1.03937109E-01	3.03998674E+02	4.55467083E+00
5.26000000E+04	1.03874219E-01	3.04188677E+02	4.55467083E+00
5.27000000E+04	1.03796484E-01	3.04378438E+02	4.55467083E+00
5.28000000E+04	1.03739844E-01	3.04567960E+02	4.55467083E+00
5.29000000E+04	1.03679297E-01	3.04757243E+02	4.55467083E+00
5.30000000E+04	1.03599609E-01	3.04946287E+02	4.55467083E+00
5.31000000E+04	1.03542188E-01	3.05135094E+02	4.55467083E+00
5.32000000E+04	1.03482031E-01	3.05323663E+02	4.55467083E+00
5.33000000E+04	1.03410156E-01	3.05511997E+02	4.55467083E+00
5.34000000E+04	1.03346484E-01	3.05700095E+02	4.55467083E+00
5.35000000E+04	1.03285938E-01	3.05887958E+02	4.55467083E+00
5.36000000E+04	1.03222266E-01	3.06075588E+02	4.55467083E+00
5.37000000E+04	1.03154688E-01	3.06262984E+02	4.55467084E+00
5.38000000E+04	1.03091797E-01	3.06450148E+02	4.55467084E+00
5.39000000E+04	1.03029688E-01	3.06637080E+02	4.55467084E+00
5.40000000E+04	1.02964844E-01	3.06823781E+02	4.55467084E+00
5.41000000E+04	1.02898828E-01	3.07010251E+02	4.55467084E+00
5.42000000E+04	1.02849219E-01	3.07196492E+02	4.55467084E+00
5.43000000E+04	1.02771094E-01	3.07382504E+02	4.55467084E+00
5.44000000E+04	1.02712891E-01	3.07568288E+02	4.55467084E+00
5.45000000E+04	1.02661328E-01	3.07753844E+02	4.55467084E+00
5.46000000E+04	1.02582031E-01	3.07939174E+02	4.55467084E+00
5.47000000E+04	1.02529688E-01	3.08124277E+02	4.55467084E+00
5.48000000E+04	1.02469141E-01	3.08309154E+02	4.55467084E+00
5.49000000E+04	1.02391797E-01	3.08493807E+02	4.55467084E+00
5.50000000E+04	1.02339063E-01	3.08678236E+02	4.55467084E+00
5.51000000E+04	1.02280078E-01	3.08862442E+02	4.55467084E+00
5.52000000E+04	1.02210156E-01	3.09046424E+02	4.55467084E+00
5.53000000E+04	1.02148438E-01	3.09230185E+02	4.55467084E+00
5.54000000E+04	1.02090625E-01	3.09413724E+02	4.55467084E+00
5.55000000E+04	1.02029688E-01	3.09597043E+02	4.55467084E+00
5.56000000E+04	1.01966016E-01	3.09780141E+02	4.55467084E+00
5.57000000E+04	1.01905469E-01	3.09963020E+02	4.55467084E+00
5.58000000E+04	1.01860156E-01	3.10145681E+02	4.55467084E+00
5.59000000E+04	1.01781250E-01	3.10328123E+02	4.55467084E+00
5.60000000E+04	1.01730078E-01	3.10510348E+02	4.55467084E+00
5.61000000E+04	1.01670313E-01	3.10692355E+02	4.55467084E+00
5.62000000E+04	1.01595703E-01	3.10874147E+02	4.55467084E+00
5.63000000E+04	1.01542578E-01	3.11055723E+02	4.55467084E+00
5.64000000E+04	1.01485156E-01	3.11237085E+02	4.55467084E+00
5.65000000E+04	1.01423828E-01	3.11418232E+02	4.55467084E+00
5.66000000E+04	1.01364063E-01	3.11599165E+02	4.55467084E+00
5.67000000E+04	1.01302344E-01	3.11779886E+02	4.55467084E+00
5.68000000E+04	1.01255469E-01	3.11960394E+02	4.55467084E+00
5.69000000E+04	1.01181641E-01	3.12140690E+02	4.55467084E+00
5.70000000E+04	1.01131250E-01	3.12320776E+02	4.55467084E+00
5.71000000E+04	1.01072266E-01	3.12500651E+02	4.55467084E+00
5.72000000E+04	1.00999219E-01	3.12680315E+02	4.55467084E+00
5.73000000E+04	1.00946875E-01	3.12859771E+02	4.55467084E+00
5.74000000E+04	1.00891016E-01	3.13039018E+02	4.55467084E+00
5.75000000E+04	1.00846484E-01	3.13218057E+02	4.55467084E+00
5.76000000E+04	1.00770313E-01	3.13396888E+02	4.55467084E+00
5.77000000E+04	1.00722656E-01	3.13575513E+02	4.55467084E+00
5.78000000E+04	1.00666406E-01	3.13753931E+02	4.55467084E+00
5.79000000E+04	1.00592188E-01	3.13932144E+02	4.55467084E+00
5.80000000E+04	1.00541406E-01	3.14110151E+02	4.55467084E+00
5.81000000E+04	1.00485547E-01	3.14287954E+02	4.55467084E+00
5.82000000E+04	1.00426563E-01	3.14465553E+02	4.55467084E+00
5.83000000E+04	1.00366797E-01	3.14642949E+02	4.55467084E+00
5.84000000E+04	1.00312500E-01	3.14820142E+02	4.55467084E+00
5.85000000E+04	1.00265234E-01	3.14997133E+02	4.55467084E+00
5.86000000E+04	1.00190625E-01	3.15173923E+02	4.55467084E+00
5.87000000E+04	1.00140625E-01	3.15350511E+02	4.55467084E+00
5.88000000E+04	1.00085547E-01	3.15526899E+02	4.55467084E+00
5.89000000E+04	1.00027344E-01	3.15703087E+02	4.55467084E+00
5.90000000E+04	9.99679688E-02	3.15879075E+02	4.55467084E+00
5.91000000E+04	9.99218750E-02	3.16054865E+02	4.55467084E+00
5.92000000E+04	9.98667969E-02	3.16230457E+02	4.55467084E+00
5.93000000E+04	9.97945313E-02	3.16405851E+02	4.55467084E+00
5.94000000E+04	9.97445313E-02	3.16581048E+02	4.55467084E+00
5.95000000E+04	9.96906250E-02	3.16756049E+02	4.55467084E+00
5.96000000E+04	9.96472656E-02	3.16930854E+02	4.55467084E+00
5.97000000E+04	9.95734375E-02	3.17105463E+02	4.55467084E+00
5.98000000E+04	9.95292969E-02	3.17279877E+02	4.55467084E+00
5.99000000E+04	9.94726563E-02	3.17454097E+02	4.55467084E+00
6.00000000E+04	9.94050781E-02	3.17628123E+02	4.55467084E+00
6.01000000E+04	9.93550781E-02	3.17801956E+02	4.55467084E+00
6.02000000E+04	9.92996094E-02	3.17975596E+02	4.55467084E+00
6.03000000E+04	9.92605469E-02	3.18149044E+02	4.55467084E+00
6.04000000E+04	9.91859375E-02	3.18322300E+02	4.55467084E+00
6.05000000E+04	9.91390625E-02	3.18495366E+02	4.55467084E+00
6.06000000E+04	9.90851563E-02	3.18668240E+02	4.55467084E+00
6.07000000E+04	9.90296875E-02	3.18840925E+02	4.55467084E+00
6.08000000E+04	9.89707031E-02	3.19013420E+02	4.55467084E+00
6.09000000E+04	9.89253906E-02	3.19185726E+02	4.55467084E+00
6.10000000E+04	9.88714844E-02	3.19357843E+02	4.55467084E+00
6.11000000E+04	9.88050781E-02	3.19529773E+02	4.55467084E+00
6.12000000E+04	9.87601563E-02	3.19701514E+02	4.55467084E+00
6.13000000E+04	9.87042969E-02	3.19873069E+02	4.55467084E+00
6.14000000E+04	9.86628906E-02	3.20044438E+02	4.55467084E+00
6.15000000E+04	9.85910156E-02	3.20215620E+02	4.55467084E+00
6.16000000E+04	9.85433594E-02	3.20386617E+02	4.55467084E+00
6.17000000E+04	9.84914063E-02	3.20557430E+02	4.55467084E+00
6.18000000E+04	9.84492188E-02	3.20728057E+02	4.55467084E+00
6.19000000E+04	9.83812500E-02	3.20898501E+02	4.55467084E+00
6.20000000E+04	9.83343750E-02	3.21068761E+02	4.55467084E+00
6.21000000E+04	9.82824219E-02	3.21238838E+02	4.55467084E+00
6.22000000E+04	9.82265625E-02	3.21408733E+02	4.55467084E+00
6.23000000E+04	9.81703125E-02	3.21578446E+02	4.55467084E+00
6.24000000E+04	9.81269531E-02	3.21747977E+02	4.55467084E+00
6.25000000E+04	9.80734375E-02	3.21917327E+02	4.55467084E+00
6.26000000E+04	9.80121094E-02	3.22086497E+02	4.55467084E+00
6.27000000E+04	9.79644531E-02	3.22255486E+02	4.55467084E+00
6.28000000E+04	9.79140625E-02	3.22424296E+02	4.55467084E+00
6.29000000E+04	9.78683594E-02	3.22592927E+02	4.55467084E+00
6.30000000E+04	9.78003906E-02	3.22761379E+02	4.55467084E+00
6.31000000E+04	9.77554688E-02	3.22929653E+02	4.55467084E+00
6.32000000E+04	9.77046875E-02	3.23097750E+02	4.55467084E+00
6.33000000E+04	9.76652344E-02	3.23265669E+02	4.55467084E+00
6.34000000E+04	9.75949219E-02	3.23433411E+02	4.55467084E+00
6.35000000E+04	9.75484375E-02	3.23600977E+02	4.55467084E+00
6.36000000E+04	9.74980469E-02	3.23768368E+02	4.55467084E+00
6.37000000E+04	9.74617188E-02	3.23935583E+02	4.55467084E+00
6.38000000E+04	9.73914063E-02	3.24102623E+02	4.55467084E+00
6.39000000E+04	9.73457031E-02	3.24269488E+02	4.55467084E+00
6.40000000E+04	9.72957031E-02	3.24436180E+02	4.55467084E+00
6.41000000E+04	9.72601563E-02	3.24602698E+02	4.55467084E+00
6.42000000E+04	9.71898438E-02	3.24769043E+02	4.55467084E+00
6.43000000E+04	9.71445313E-02	3.24935215E+02	4.55467084E+00
6.44000000E+04	9.70945313E-02	3.25101215E+02	4.55467084E+00
6.45000000E+04	9.70558594E-02	3.25267043E+02	4.55467084E+00
6.46000000E+04	9.69890625E-02	3.25432700E+02	4.55467084E+00
6.47000000E+04	9.69441406E-02	3.25598186E+02	4.55467084E+00
6.48000000E+04	9.68945313E-02	3.25763502E+02	4.55467084E+00
6.49000000E+04	9.68562500E-02	3.25928648E+02	4.55467084E+00
6.50000000E+04	9.67894531E-02	3.26093624E+02	4.55467084E+00
6.51000000E+04	9.67445313E-02	3.26258431E+02	4.55467084E+00
6.52000000E+04	9.66953125E-02	3.26423069E+02	4.55467084E+00
6.53000000E+04	9.66605469E-02	3.26587539E+02	4.55467084E+00
6.54000000E+04	9.65910156E-02	3.26751842E+02	4.55467084E+00
6.55000000E+04	9.65464844E-02	3.26915976E+02	4.55467084E+00
6.56000000E+04	9.64976563E-02	3.27079944E+02	4.55467084E+00
6.57000000E+04	9.64625000E-02	3.27243746E+02	4.55467084E+00
6.58000000E+04	9.63945313E-02	3.27407381E+02	4.55467085E+00
6.59000000E+04	9.63496094E-02	3.27570850E+02	4.55467085E+00
6.60000000E+04	9.63023438E-02	3.27734155E+02	4.55467085E+00
6.61000000E+04	9.62656250E-02	3.27897294E+02	4.55467085E+00
6.62000000E+04	9.61984375E-02	3.28060269E+02	4.55467085E+00
6.63000000E+04	9.61601563E-02	3.28223080E+02	4.55467085E+00
6.64000000E+04	9.61117188E-02	3.28385727E+02	4.55467085E+00
6.65000000E+04	9.60695313E-02	3.28548211E+02	4.55467085E+00
6.66000000E+04	9.60105469E-02	3.28710532E+02	4.55467085E+00
6.67000000E+04	9.59656250E-02	3.28872691E+02	4.55467085E+00
6.68000000E+04	9.59238281E-02	3.29034688E+02	4.55467085E+00
6.69000000E+04	9.58746094E-02	3.29196523E+02	4.55467085E+00
6.70000000E+04	9.58234375E-02	3.29358197E+02	4.55467085E+00
6.71000000E+04	9.57714844E-02	3.29519710E+02	4.55467085E+00
6.72000000E+04	9.57320313E-02	3.29681063E+02	4.55467085E+00
6.73000000E+04	9.56832031E-02	3.29842256E+02	4.55467085E+00
6.74000000E+04	9.56468750E-02	3.30003289E+02	4.55467085E+00
6.75000000E+04	9.55820313E-02	3.30164163E+02	4.55467085E+00
6.76000000E+04	9.55398438E-02	3.30324878E+02	4.55467085E+00
6.77000000E+04	9.54917969E-02	3.30485435E+02	4.55467085E+00
6.78000000E+04	9.54558594E-02	3.30645834E+02	4.55467085E+00
6.79000000E+04	9.53910156E-02	3.30806075E+02	4.55467085E+00
6.80000000E+04	9.53480469E-02	3.30966159E+02	4.55467085E+00
6.81000000E+04	9.53023438E-02	3.31126086E+02	4.55467085E+00
6.82000000E+04	9.52664063E-02	3.31285856E+02	4.55467085E+00
6.83000000E+04	9.52046875E-02	3.31445471E+02	4.55467085E+00
6.84000000E+04	9.51644531E-02	3.31604929E+02	4.55467085E+00
6.85000000E+04	9.51238281E-02	3.31764233E+02	4.55467085E+00
6.86000000E+04	9.50769531E-02	3.31923381E+02	4.55467085E+00
6.87000000E+04	9.50265625E-02	3.32082375E+02	4.55467085E+00
6.88000000E+04	9.49753906E-02	3.32241214E+02	4.55467085E+00
6.89000000E+04	9.49355469E-02	3.32399900E+02	4.55467085E+00
6.90000000E+04	9.48894531E-02	3.32558432E+02	4.55467085E+00
6.91000000E+04	9.48546875E-02	3.32716812E+02	4.55467085E+00
6.92000000E+04	9.47906250E-02	3.32875038E+02	4.55467085E+00
6.93000000E+04	9.47480469E-02	3.33033112E+02	4.55467085E+00
6.94000000E+04	9.47046875E-02	3.33191034E+02	4.55467085E+00
6.95000000E+04	9.46679688E-02	3.33348805E+02	4.55467085E+00
6.96000000E+04	9.46105469E-02	3.33506424E+02	4.55467085E+00
6.97000000E+04	9.45671875E-02	3.33663892E+02	4.55467085E+00
6.98000000E+04	9.45300781E-02	3.33821210E+02	4.55467085E+00
6.99000000E+04	9.44828125E-02	3.33978377E+02	4.55467085E+00
7.00000000E+04	9.44476563E-02	3.34135395E+02	4.55467085E+00
7.01000000E+04	9.43839844E-02	3.34292263E+02	4.55467085E+00
7.02000000E+04	9.43433594E-02	3.34448983E+02	4.55467085E+00
7.03000000E+04	9.42976563E-02	3.34605553E+02	4.55467085E+00
7.04000000E+04	9.42656250E-02	3.34761975E+02	4.55467085E+00
7.05000000E+04	9.42023438E-02	3.34918249E+02	4.55467085E+00
7.06000000E+04	9.41656250E-02	3.35074375E+02	4.55467085E+00
7.07000000E+04	9.41269531E-02	3.35230354E+02	4.55467085E+00
7.08000000E+04	9.40820313E-02	3.35386186E+02	4.55467085E+00
7.09000000E+04	9.40468750E-02	3.35541871E+02	4.55467085E+00
7.10000000E+04	9.39839844E-02	3.35697410E+02	4.55467085E+00
7.11000000E+04	9.39441406E-02	3.35852803E+02	4.55467085E+00
7.12000000E+04	9.38984375E-02	3.36008050E+02	4.55467085E+00
7.13000000E+04	9.38664063E-02	3.36163152E+02	4.55467085E+00
7.14000000E+04	9.38058594E-02	3.36318109E+02	4.55467085E+00
7.15000000E+04	9.37671875E-02	3.36472921E+02	4.55467085E+00
7.16000000E+04	9.37308594E-02	3.36627590E+02	4.55467085E+00
7.17000000E+04	9.36843750E-02	3.36782114E+02	4.55467085E+00
7.18000000E+04	9.36503906E-02	3.36936494E+02	4.55467085E+00
7.19000000E+04	9.35894531E-02	3.37090731E+02	4.55467085E+00
7.20000000E+04	9.35484375E-02	3.37244826E+02	4.55467085E+00
7.21000000E+04	9.35105469E-02	3.37398778E+02	4.55467085E+00
7.22000000E+04	9.34714844E-02	3.37552587E+02	4.55467085E+00
7.23000000E+04	9.34234375E-02	3.37706254E+02	4.55467085E+00
7.24000000E+04	9.33742188E-02	3.37859780E+02	4.55467085E+00
7.25000000E+04	9.33371094E-02	3.38013165E+02	4.55467085E+00
7.26000000E+04	9.32929688E-02	3.38166408E+02	4.55467085E+00
7.27000000E+04	9.32628906E-02	3.38319511E+02	4.55467085E+00
7.28000000E+04	9.31988281E-02	3.38472474E+02	4.55467085E+00
7.29000000E+04	9.31652344E-02	3.38625296E+02	4.55467085E+00
7.30000000E+04	9.31296875E-02	3.38777979E+02	4.55467085E+00
7.31000000E+04	9.30832031E-02	3.38930523E+02	4.55467085E+00
7.32000000E+04	9.30496094E-02	3.39082927E+02	4.55467085E+00
7.33000000E+04	9.29898438E-02	3.39235193E+02	4.55467085E+00
7.34000000E+04	9.29503906E-02	3.39387320E+02	4.55467085E+00
7.35000000E+04	9.29121094E-02	3.39539309E+02	4.55467085E+00
7.36000000E+04	9.28734375E-02	3.39691161E+02	4.55467085E+00
7.37000000E+04	9.28273438E-02	3.39842875E+02	4.55467085E+00
7.38000000E+04	9.27816406E-02	3.39994451E+02	4.55467085E+00
7.39000000E+04	9.27425781E-02	3.40145891E+02	4.55467085E+00
7.40000000E+04	9.26988281E-02	3.40297194E+02	4.55467085E+00
7.41000000E+04	9.26675781E-02	3.40448361E+02	4.55467085E+00
7.42000000E+04	9.26140625E-02	3.40599393E+02	4.55467085E+00
7.43000000E+04	9.25722656E-02	3.40750288E+02	4.55467085E+00
7.44000000E+04	9.25363281E-02	3.40901048E+02	4.55467085E+00
7.45000000E+04	9.24933594E-02	3.41051673E+02	4.55467085E+00
7.46000000E+04	9.24644531E-02	3.41202164E+02	4.55467085E+00
7.47000000E+04	9.24046875E-02	3.41352520E+02	4.55467085E+00
7.48000000E+04	9.23675781E-02	3.41502741E+02	4.55467085E+00
7.49000000E+04	9.23328125E-02	3.41652829E+02	4.55467085E+00
7.50000000E+04	9.22894531E-02	3.41802784E+02	4.55467085E+00
7.51000000E+04	9.22605469E-02	3.41952605E+02	4.55467085E+00
7.52000000E+04	9.21972656E-02	3.42102293E+02	4.55467085E+00
7.53000000E+04	9.21648438E-02	3.42251849E+02	4.55467085E+00
7.54000000E+04	9.21300781E-02	3.42401272E+02	4.55467085E+00
7.55000000E+04	9.20855469E-02	3.42550564E+02	4.55467085E+00
7.56000000E+04	9.20550781E-02	3.42699723E+02	4.55467085E+00
7.57000000E+04	9.19949219E-02	3.42848751E+02	4.55467085E+00
7.58000000E+04	9.19621094E-02	3.42997648E+02	4.55467085E+00
7.59000000E+04	9.19269531E-02	3.43146414E+02	4.55467085E+00
7.60000000E+04	9.18843750E-02	3.43295049E+02	4.55467085E+00
7.61000000E+04	9.18523438E-02	3.43443554E+02	4.55467085E+00
7.62000000E+04	9.17933594E-02	3.43591929E+02	4.55467085E+00
7.63000000E+04	9.17613281E-02	3.43740174E+02	4.55467085E+00
7.64000000E+04	9.17265625E-02	3.43888290E+02	4.55467085E+00
7.65000000E+04	9.16835938E-02	3.44036276E+02	4.55467085E+00
7.66000000E+04	9.16519531E-02	3.44184134E+02	4.55467085E+00
7.67000000E+04	9.15941406E-02	3.44331863E+02	4.55467085E+00
7.68000000E+04	9.15613281E-02	3.44479463E+02	4.55467085E+00
7.69000000E+04	9.15269531E-02	3.44626936E+02	4.55467085E+00
7.70000000E+04	9.14843750E-02	3.44774281E+02	4.55467085E+00
7.71000000E+04	9.14546875E-02	3.44921498E+02	4.55467086E+00
7.72000000E+04	9.13953125E-02	3.45068588E+02	4.55467086E+00
7.73000000E+04	9.13640625E-02	3.45215551E+02	4.55467086E+00
7.74000000E+04	9.13300781E-02	3.45362387E+02	4.55467086E+00
7.75000000E+04	9.12859375E-02	3.45509097E+02	4.55467086E+00
7.76000000E+04	9.12566406E-02	3.45655681E+02	4.55467086E+00
7.77000000E+04	9.11976563E-02	3.45802139E+02	4.55467086E+00
7.78000000E+04	9.11660156E-02	3.45948471E+02	4.55467086E+00
7.79000000E+04	9.11324219E-02	3.46094678E+02	4.55467086E+00
7.80000000E+04	9.10906250E-02	3.46240760E+02	4.55467086E+00
7.81000000E+04	9.10628906E-02	3.46386717E+02	4.55467086E+00
7.82000000E+04	9.10046875E-02	3.46532550E+02	4.55467086E+00
7.83000000E+04	9.09699219E-02	3.46678258E+02	4.55467086E+00
7.84000000E+04	9.09359375E-02	3.46823842E+02	4.55467086E+00
7.85000000E+04	9.08949219E-02	3.46969303E+02	4.55467086E+00
7.86000000E+04	9.08664063E-02	3.47114640E+02	4.55467086E+00
7.87000000E+04	9.08144531E-02	3.47259854E+02	4.55467086E+00
7.88000000E+04	9.07753906E-02	3.47404945E+02	4.55467086E+00
7.89000000E+04	9.07414063E-02	3.47549913E+02	4.55467086E+00
7.90000000E+04	9.07019531E-02	3.47694759E+02	4.55467086E+00
7.91000000E+04	9.06710938E-02	3.47839482E+02	4.55467086E+00
7.92000000E+04	9.06273438E-02	3.47984084E+02	4.55467086E+00
7.93000000E+04	9.05839844E-02	3.48128564E+02	4.55467086E+00
7.94000000E+04	9.05480469E-02	3.48272922E+02	4.55467086E+00
7.95000000E+04	9.05144531E-02	3.48417160E+02	4.55467086E+00
7.96000000E+04	9.04800781E-02	3.48561276E+02	4.55467086E+00
7.97000000E+04	9.04488281E-02	3.48705272E+02	4.55467086E+00
7.98000000E+04	9.03921875E-02	3.48849147E+02	4.55467086E+00
7.99000000E+04	9.03617188E-02	3.48992903E+02	4.55467086E+00
8.00000000E+04	9.03300781E-02	3.49136538E+02	4.55467086E+00
8.01000000E+04	9.02878906E-02	3.49280054E+02	4.55467086E+00
8.02000000E+04	9.02613281E-02	3.49423450E+02	4.55467086E+00
8.03000000E+04	9.02046875E-02	3.49566727E+02	4.55467086E+00
8.04000000E+04	9.01707031E-02	3.49709886E+02	4.55467086E+00
8.05000000E+04	9.01378906E-02	3.49852925E+02	4.55467086E+00
8.06000000E+04	9.00976563E-02	3.49995846E+02	4.55467086E+00
8.07000000E+04	9.00695313E-02	3.50138649E+02	4.55467086E+00
8.08000000E+04	9.00253906E-02	3.50281335E+02	4.55467086E+00
8.09000000E+04	8.99832031E-02	3.50423902E+02	4.55467086E+00
8.10000000E+04	8.99480469E-02	3.50566352E+02	4.55467086E+00
8.11000000E+04	8.99222656E-02	3.50708685E+02	4.55467086E+00
8.12000000E+04	8.98816406E-02	3.50850901E+02	4.55467086E+00
8.13000000E+04	8.98519531E-02	3.50993000E+02	4.55467086E+00
8.14000000E+04	8.97953125E-02	3.51134983E+02	4.55467086E+00
8.15000000E+04	8.97656250E-02	3.51276849E+02	4.55467086E+00
8.16000000E+04	8.97332031E-02	3.51418599E+02	4.55467086E+00
8.17000000E+04	8.96929688E-02	3.51560234E+02	4.55467086E+00
8.18000000E+04	8.96664063E-02	3.51701753E+02	4.55467086E+00
8.19000000E+04	8.96222656E-02	3.51843157E+02	4.55467086E+00
8.20000000E+04	8.95800781E-02	3.51984446E+02	4.55467086E+00
8.21000000E+04	8.95457031E-02	3.52125620E+02	4.55467086E+00
8.22000000E+04	8.95121094E-02	3.52266679E+02	4.55467086E+00
8.23000000E+04	8.94800781E-02	3.52407624E+02	4.55467086E+00
8.24000000E+04	8.94503906E-02	3.52548455E+02	4.55467086E+00
8.25000000E+04	8.93949219E-02	3.52689172E+02	4.55467086E+00
8.26000000E+04	8.93656250E-02	3.52829776E+02	4.55467086E+00
8.27000000E+04	8.93335938E-02	3.52970266E+02	4.55467086E+00
8.28000000E+04	8.92941406E-02	3.53110642E+02	4.55467086E+00
8.29000000E+04	8.92671875E-02	3.53250906E+02	4.55467086E+00
8.30000000E+04	8.92234375E-02	3.53391057E+02	4.55467086E+00
8.31000000E+04	8.91824219E-02	3.53531095E+02	4.55467086E+00
8.32000000E+04	8.91480469E-02	3.53671022E+02	4.55467086E+00
8.33000000E+04	8.91226563E-02	3.53810836E+02	4.55467086E+00
8.34000000E+04	8.90832031E-02	3.53950538E+02	4.55467086E+00
8.35000000E+04	8.90554688E-02	3.54090129E+02	4.55467086E+00
8.36000000E+04	8.90003906E-02	3.54229608E+02	4.55467086E+00
8.37000000E+04	8.89703125E-02	3.54368976E+02	4.55467086E+00
8.38000000E+04	8.89394531E-02	3.54508233E+02	4.55467086E+00
8.39000000E+04	8.89003906E-02	3.54647379E+02	4.55467086E+00
8.40000000E+04	8.88722656E-02	3.54786415E+02	4.55467086E+00
8.41000000E+04	8.88320313E-02	3.54925340E+02	4.55467086E+00
8.42000000E+04	8.87906250E-02	3.55064156E+02	4.55467086E+00
8.43000000E+04	8.87617188E-02	3.55202861E+02	4.55467086E+00
8.44000000E+04	8.87320313E-02	3.55341457E+02	4.55467086E+00
8.45000000E+04	8.86917969E-02	3.55479944E+02	4.55467086E+00
8.46000000E+04	8.86664063E-02	3.55618321E+02	4.55467086E+00
8.47000000E+04	8.86230469E-02	3.55756589E+02	4.55467086E+00
8.48000000E+04	8.85824219E-02	3.55894749E+02	4.55467086E+00
8.49000000E+04	8.85488281E-02	3.56032799E+02	4.55467086E+00
8.50000000E+04	8.85238281E-02	3.56170742E+02	4.55467086E+00
8.51000000E+04	8.84847656E-02	3.56308576E+02	4.55467086E+00
8.52000000E+04	8.84613281E-02	3.56446303E+02	4.55467086E+00
8.53000000E+04	8.84066406E-02	3.56583921E+02	4.55467086E+00
8.54000000E+04	8.83738281E-02	3.56721433E+02	4.55467086E+00
8.55000000E+04	8.83437500E-02	3.56858836E+02	4.55467086E+00
8.56000000E+04	8.83113281E-02	3.56996133E+02	4.55467086E+00
8.57000000E+04	8.82808594E-02	3.57133323E+02	4.55467086E+00
8.58000000E+04	8.82527344E-02	3.57270406E+02	4.55467086E+00
8.59000000E+04	8.81984375E-02	3.57407383E+02	4.55467086E+00
8.60000000E+04	8.81699219E-02	3.57544254E+02	4.55467086E+00
8.61000000E+04	8.81402344E-02	3.57681018E+02	4.55467086E+00
8.62000000E+04	8.81046875E-02	3.57817677E+02	4.55467086E+00
8.63000000E+04	8.80753906E-02	3.57954229E+02	4.55467086E+00
8.64000000E+04	8.80488281E-02	3.58090677E+02	4.55467086E+00
8.65000000E+04	8.79953125E-02	3.58227019E+02	4.55467086E+00
8.66000000E+04	8.79671875E-02	3.58363256E+02	4.55467086E+00
8.67000000E+04	8.79363281E-02	3.58499389E+02	4.55467086E+00
8.68000000E+04	8.78988281E-02	3.58635416E+02	4.55467086E+00
8.69000000E+04	8.78730469E-02	3.58771340E+02	4.55467086E+00
8.70000000E+04	8.78476563E-02	3.58907159E+02	4.55467086E+00
8.71000000E+04	8.77929688E-02	3.59042874E+02	4.55467086E+00
8.72000000E+04	8.77660156E-02	3.59178485E+02	4.55467086E+00
8.73000000E+04	8.77355469E-02	3.59313992E+02	4.55467086E+00
8.74000000E+04	8.76980469E-02	3.59449396E+02	4.55467086E+00
8.75000000E+04	8.76722656E-02	3.59584697E+02	4.55467086E+00
8.76000000E+04	8.76472656E-02	3.59719895E+02	4.55467086E+00
8.77000000E+04	8.75925781E-02	3.59854990E+02	4.55467086E+00
8.78000000E+04	8.75656250E-02	3.59989982E+02	4.55467086E+00
8.79000000E+04	8.75355469E-02	3.60124872E+02	4.55467086E+00
8.80000000E+04	8.74980469E-02	3.60259660E+02	4.55467087E+00
8.81000000E+04	8.74722656E-02	3.60394345E+02	4.55467087E+00
8.82000000E+04	8.74476563E-02	3.60528929E+02	4.55467087E+00
8.83000000E+04	8.73937500E-02	3.60663411E+02	4.55467087E+00
8.84000000E+04	8.73667969E-02	3.60797791E+02	4.55467087E+00
8.85000000E+04	8.73363281E-02	3.60932070E+02	4.55467087E+00
8.86000000E+04	8.73000000E-02	3.61066248E+02	4.55467087E+00
8.87000000E+04	8.72738281E-02	3.61200325E+02	4.55467087E+00
8.88000000E+04	8.72488281E-02	3.61334302E+02	4.55467087E+00
8.89000000E+04	8.71958984E-02	3.61468177E+02	4.55467087E+00
8.90000000E+04	8.71691406E-02	3.61601953E+02	4.55467087E+00
8.91000000E+04	8.71398438E-02	3.61735628E+02	4.55467087E+00
8.92000000E+04	8.71050781E-02	3.61869203E+02	4.55467087E+00
8.93000000E+04	8.70796875E-02	3.62002679E+02	4.55467087E+00
8.94000000E+04	8.70523438E-02	3.62136055E+02	4.55467087E+00
8.95000000E+04	8.70003906E-02	3.62269331E+02	4.55467087E+00
8.96000000E+04	8.69722656E-02	3.62402508E+02	4.55467087E+00
8.97000000E+04	8.69429688E-02	3.62535587E+02	4.55467087E+00
8.98000000E+04	8.69128906E-02	3.62668566E+02	4.55467087E+00
8.99000000E+04	8.68830078E-02	3.62801446E+02	4.55467087E+00
9.00000000E+04	8.68609375E-02	3.62934229E+02	4.55467087E+00
9.01000000E+04	8.68109375E-02	3.63066912E+02	4.55467087E+00
9.02000000E+04	8.67800781E-02	3.63199498E+02	4.55467087E+00
9.03000000E+04	8.67480469E-02	3.63331986E+02	4.55467087E+00
9.04000000E+04	8.67246094E-02	3.63464376E+02	4.55467087E+00
9.05000000E+04	8.66894531E-02	3.63596668E+02	4.55467087E+00
9.06000000E+04	8.66656250E-02	3.63728863E+02	4.55467087E+00
9.07000000E+04	8.66238281E-02	3.63860960E+02	4.55467087E+00
9.08000000E+04	8.65855469E-02	3.63992961E+02	4.55467087E+00
9.09000000E+04	8.65609375E-02	3.64124865E+02	4.55467087E+00
9.10000000E+04	8.65324219E-02	3.64256672E+02	4.55467087E+00
9.11000000E+04	8.64953125E-02	3.64388382E+02	4.55467087E+00
9.12000000E+04	8.64710938E-02	3.64519996E+02	4.55467087E+00
9.13000000E+04	8.64472656E-02	3.64651514E+02	4.55467087E+00
9.14000000E+04	8.63945313E-02	3.64782936E+02	4.55467087E+00
9.15000000E+04	8.63675781E-02	3.64914262E+02	4.55467087E+00
9.16000000E+04	8.63398438E-02	3.65045493E+02	4.55467087E+00
9.17000000E+04	8.63066406E-02	3.65176628E+02	4.55467087E+00
9.18000000E+04	8.62810547E-02	3.65307668E+02	4.55467087E+00
9.19000000E+04	8.62560547E-02	3.65438612E+02	4.55467087E+00
9.20000000E+04	8.62066406E-02	3.65569462E+02	4.55467087E+00
9.21000000E+04	8.61796875E-02	3.65700217E+02	4.55467087E+00
9.22000000E+04	8.61482422E-02	3.65830877E+02	4.55467087E+00
9.23000000E+04	8.61255859E-02	3.65961443E+02	4.55467087E+00
9.24000000E+04	8.60904297E-02	3.66091914E+02	4.55467087E+00
9.25000000E+04	8.60667969E-02	3.66222292E+02	4.55467087E+00
9.26000000E+04	8.60273438E-02	3.66352575E+02	4.55467087E+00
9.27000000E+04	8.59902344E-02	3.66482765E+02	4.55467087E+00
9.28000000E+04	8.59650391E-02	3.66612861E+02	4.55467087E+00
9.29000000E+04	8.59359375E-02	3.66742864E+02	4.55467087E+00
9.30000000E+04	8.59019531E-02	3.66872773E+02	4.55467087E+00
9.31000000E+04	8.58773438E-02	3.67002589E+02	4.55467087E+00
9.32000000E+04	8.58546875E-02	3.67132313E+02	4.55467087E+00
9.33000000E+04	8.58046875E-02	3.67261944E+02	4.55467087E+00
9.34000000E+04	8.57769531E-02	3.67391482E+02	4.55467087E+00
9.35000000E+04	8.57476563E-02	3.67520927E+02	4.55467087E+00
9.36000000E+04	8.57253906E-02	3.67650281E+02	4.55467087E+00
9.37000000E+04	8.56906250E-02	3.67779542E+02	4.55467087E+00
9.38000000E+04	8.56671875E-02	3.67908711E+02	4.55467087E+00
9.39000000E+04	8.56296875E-02	3.68037789E+02	4.55467087E+00
9.40000000E+04	8.55912109E-02	3.68166775E+02	4.55467087E+00
9.41000000E+04	8.55662109E-02	3.68295669E+02	4.55467087E+00
9.42000000E+04	8.55382813E-02	3.68424473E+02	4.55467087E+00
9.43000000E+04	8.55060547E-02	3.68553185E+02	4.55467087E+00
9.44000000E+04	8.54816406E-02	3.68681806E+02	4.55467087E+00
9.45000000E+04	8.54607422E-02	3.68810336E+02	4.55467087E+00
9.46000000E+04	8.54117188E-02	3.68938776E+02	4.55467087E+00
9.47000000E+04	8.53824219E-02	3.69067125E+02	4.55467087E+00
9.48000000E+04	8.53550781E-02	3.69195384E+02	4.55467087E+00
9.49000000E+04	8.53318359E-02	3.69323553E+02	4.55467087E+00
9.50000000E+04	8.52955078E-02	3.69451631E+02	4.55467087E+00
9.51000000E+04	8.52722656E-02	3.69579620E+02	4.55467087E+00
9.52000000E+04	8.52488281E-02	3.69707519E+02	4.55467087E+00
9.53000000E+04	8.51982422E-02	3.69835329E+02	4.55467087E+00
9.54000000E+04	8.51728516E-02	3.69963049E+02	4.55467087E+00
9.55000000E+04	8.51457031E-02	3.70090680E+02	4.55467087E+00
9.56000000E+04	8.51238281E-02	3.70218222E+02	4.55467087E+00
9.57000000E+04	8.50898438E-02	3.70345675E+02	4.55467087E+00
9.58000000E+04	8.50671875E-02	3.70473040E+02	4.55467087E+00
9.59000000E+04	8.50300781E-02	3.70600315E+02	4.55467087E+00
9.60000000E+04	8.49921875E-02	3.70727503E+02	4.55467087E+00
9.61000000E+04	8.49675781E-02	3.70854602E+02	4.55467087E+00
9.62000000E+04	8.49410156E-02	3.70981612E+02	4.55467087E+00
9.63000000E+04	8.49121094E-02	3.71108535E+02	4.55467087E+00
9.64000000E+04	8.48843750E-02	3.71235370E+02	4.55467087E+00
9.65000000E+04	8.48644531E-02	3.71362118E+02	4.55467087E+00
9.66000000E+04	8.48238281E-02	3.71488777E+02	4.55467087E+00
9.67000000E+04	8.47878906E-02	3.71615350E+02	4.55467087E+00
9.68000000E+04	8.47648438E-02	3.71741835E+02	4.55467087E+00
9.69000000E+04	8.47365234E-02	3.71868233E+02	4.55467087E+00
9.70000000E+04	8.47054688E-02	3.71994544E+02	4.55467087E+00
9.71000000E+04	8.46820313E-02	3.72120769E+02	4.55467087E+00
9.72000000E+04	8.46613281E-02	3.72246906E+02	4.55467087E+00
9.73000000E+04	8.46146484E-02	3.72372958E+02	4.55467087E+00
9.74000000E+04	8.45847656E-02	3.72498923E+02	4.55467087E+00
9.75000000E+04	8.45615234E-02	3.72624801E+02	4.55467087E+00
9.76000000E+04	8.45347656E-02	3.72750594E+02	4.55467087E+00
9.77000000E+04	8.45019531E-02	3.72876301E+02	4.55467087E+00
9.78000000E+04	8.44800781E-02	3.73001922E+02	4.55467087E+00
9.79000000E+04	8.44605469E-02	3.73127457E+02	4.55467087E+00
9.80000000E+04	8.44128906E-02	3.73252907E+02	4.55467087E+00
9.81000000E+04	8.43835938E-02	3.73378272E+02	4.55467087E+00
9.82000000E+04	8.43609375E-02	3.73503551E+02	4.55467087E+00
9.83000000E+04	8.43343750E-02	3.73628746E+02	4.55467087E+00
9.84000000E+04	8.43005859E-02	3.73753856E+02	4.55467088E+00
9.85000000E+04	8.42800781E-02	3.73878880E+02	4.55467088E+00
9.86000000E+04	8.42605469E-02	3.74003821E+02	4.55467088E+00
9.87000000E+04	8.42128906E-02	3.74128677E+02	4.55467088E+00
9.88000000E+04	8.41837891E-02	3.74253448E+02	4.55467088E+00
9.89000000E+04	8.41613281E-02	3.74378135E+02	4.55467088E+00
9.90000000E+04	8.41347656E-02	3.74502739E+02	4.55467088E+00
9.91000000E+04	8.41021484E-02	3.74627258E+02	4.55467088E+00
9.92000000E+04	8.40806641E-02	3.74751694E+02	4.55467088E+00
9.93000000E+04	8.40609375E-02	3.74876046E+02	4.55467088E+00
9.94000000E+04	8.40146484E-02	3.75000315E+02	4.55467088E+00
9.95000000E+04	8.39853516E-02	3.75124500E+02	4.55467088E+00
9.96000000E+04	8.39630859E-02	3.75248602E+02	4.55467088E+00
9.97000000E+04	8.39363281E-02	3.75372621E+02	4.55467088E+00
9.98000000E+04	8.39060547E-02	3.75496558E+02	4.55467088E+00
9.99000000E+04	8.38828125E-02	3.75620411E+02	4.55467088E+00
