2022-01-03 16:06:01
Density	Radius	Energy	Rest mass
1.34668374E+11	1.75655800E+03	5.72122300E+55	3.08474023E+01
1.34668387E+18	8.38250000E+00	5.04392576E+56	3.08474205E+01
2.69336761E+18	6.65325000E+00	6.21166154E+56	3.08474205E+01
4.04005134E+18	5.81237500E+00	7.03080081E+56	3.08474205E+01
5.38673508E+18	5.28087500E+00	7.68291644E+56	3.08474205E+01
6.73341882E+18	4.90237500E+00	8.23360323E+56	3.08474205E+01
8.08010255E+18	4.61331250E+00	8.71496722E+56	3.08474205E+01
9.42678629E+18	4.38237500E+00	9.14541120E+56	3.08474205E+01
1.07734700E+19	4.19150000E+00	9.53658140E+56	3.08474205E+01
1.21201538E+19	4.03031250E+00	9.89637043E+56	3.08474205E+01
1.34668375E+19	3.89112500E+00	1.02304033E+57	3.08474205E+01
1.48135212E+19	3.76943750E+00	1.05428468E+57	3.08474205E+01
1.61602050E+19	3.66168750E+00	1.08368838E+57	3.08474205E+01
1.75068887E+19	3.56531250E+00	1.11150071E+57	3.08474205E+01
1.88535724E+19	3.47843750E+00	1.13792092E+57	3.08474205E+01
2.02002562E+19	3.39925000E+00	1.16311116E+57	3.08474205E+01
2.15469399E+19	3.32690625E+00	1.18720528E+57	3.08474205E+01
2.28936237E+19	3.26046875E+00	1.21031527E+57	3.08474205E+01
2.42403074E+19	3.19881250E+00	1.23253585E+57	3.08474205E+01
2.55869911E+19	3.14165625E+00	1.25394796E+57	3.08474205E+01
2.69336749E+19	3.08853125E+00	1.27462135E+57	3.08474205E+01
2.82803586E+19	3.03868750E+00	1.29461661E+57	3.08474205E+01
2.96270423E+19	2.99181250E+00	1.31398676E+57	3.08474205E+01
3.09737261E+19	2.94781250E+00	1.33277848E+57	3.08474205E+01
3.23204098E+19	2.90650000E+00	1.35103311E+57	3.08474205E+01
3.36670935E+19	2.86712500E+00	1.36878745E+57	3.08474205E+01
3.50137773E+19	2.82978125E+00	1.38607443E+57	3.08474205E+01
3.63604610E+19	2.79456250E+00	1.40292366E+57	3.08474205E+01
3.77071448E+19	2.76081250E+00	1.41936182E+57	3.08474205E+01
3.90538285E+19	2.72875000E+00	1.43541311E+57	3.08474205E+01
4.04005122E+19	2.69803125E+00	1.45109952E+57	3.08474205E+01
4.17471960E+19	2.66875000E+00	1.46644110E+57	3.08474205E+01
4.30938797E+19	2.64068750E+00	1.48145620E+57	3.08474205E+01
4.44405634E+19	2.61365625E+00	1.49616166E+57	3.08474205E+01
4.57872472E+19	2.58775000E+00	1.51057296E+57	3.08474205E+01
4.71339309E+19	2.56290625E+00	1.52470439E+57	3.08474205E+01
4.84806146E+19	2.53896875E+00	1.53856914E+57	3.08474205E+01
4.98272984E+19	2.51584375E+00	1.55217946E+57	3.08474205E+01
5.11739821E+19	2.49362500E+00	1.56554670E+57	3.08474205E+01
5.25206658E+19	2.47215625E+00	1.57868144E+57	3.08474205E+01
5.38673496E+19	2.45137500E+00	1.59159353E+57	3.08474205E+01
5.52140333E+19	2.43128125E+00	1.60429218E+57	3.08474205E+01
5.65607171E+19	2.41178125E+00	1.61678598E+57	3.08474205E+01
5.79074008E+19	2.39298438E+00	1.62908301E+57	3.08474205E+01
5.92540845E+19	2.37475000E+00	1.64119084E+57	3.08474205E+01
6.06007683E+19	2.35700000E+00	1.65311658E+57	3.08474205E+01
6.19474520E+19	2.33975000E+00	1.66486692E+57	3.08474205E+01
6.32941357E+19	2.32315625E+00	1.67644818E+57	3.08474205E+01
6.46408195E+19	2.30684375E+00	1.68786631E+57	3.08474205E+01
6.59875032E+19	2.29104688E+00	1.69912693E+57	3.08474205E+01
6.73341869E+19	2.27564063E+00	1.71023537E+57	3.08474205E+01
6.86808707E+19	2.26075000E+00	1.72119667E+57	3.08474205E+01
7.00275544E+19	2.24606250E+00	1.73201560E+57	3.08474205E+01
7.13742382E+19	2.23184375E+00	1.74269671E+57	3.08474205E+01
7.27209219E+19	2.21795313E+00	1.75324429E+57	3.08474205E+01
7.40676056E+19	2.20460938E+00	1.76366245E+57	3.08474205E+01
7.54142894E+19	2.19132813E+00	1.77395507E+57	3.08474205E+01
7.67609731E+19	2.17854688E+00	1.78412589E+57	3.08474205E+01
7.81076568E+19	2.16578125E+00	1.79417843E+57	3.08474205E+01
7.94543406E+19	2.15354688E+00	1.80411608E+57	3.08474205E+01
8.08010243E+19	2.14148438E+00	1.81394206E+57	3.08474205E+01
8.21477080E+19	2.12968750E+00	1.82365947E+57	3.08474205E+01
8.34943918E+19	2.11825000E+00	1.83327124E+57	3.08474205E+01
8.48410755E+19	2.10693750E+00	1.84278021E+57	3.08474205E+01
8.61877593E+19	2.09585938E+00	1.85218908E+57	3.08474205E+01
8.75344430E+19	2.08518750E+00	1.86150045E+57	3.08474205E+01
8.88811267E+19	2.07462500E+00	1.87071680E+57	3.08474205E+01
9.02278105E+19	2.06418750E+00	1.87984051E+57	3.08474205E+01
9.15744942E+19	2.05392188E+00	1.88887389E+57	3.08474205E+01
9.29211779E+19	2.04395313E+00	1.89781914E+57	3.08474205E+01
9.42678617E+19	2.03440625E+00	1.90667837E+57	3.08474205E+01
9.56145454E+19	2.02470313E+00	1.91545362E+57	3.08474205E+01
9.69612291E+19	2.01528125E+00	1.92414686E+57	3.08474205E+01
9.83079129E+19	2.00592188E+00	1.93275997E+57	3.08474205E+01
9.96545966E+19	1.99690625E+00	1.94129478E+57	3.08474205E+01
1.01001280E+20	1.98793750E+00	1.94975305E+57	3.08474205E+01
1.02347964E+20	1.97928125E+00	1.95813645E+57	3.08474205E+01
1.03694648E+20	1.97068750E+00	1.96644664E+57	3.08474205E+01
1.05041332E+20	1.96220313E+00	1.97468519E+57	3.08474205E+01
1.06388015E+20	1.95381250E+00	1.98285361E+57	3.08474205E+01
1.07734699E+20	1.94567188E+00	1.99095340E+57	3.08474205E+01
1.09081383E+20	1.93764063E+00	1.99898596E+57	3.08474205E+01
1.10428067E+20	1.92971875E+00	2.00695268E+57	3.08474205E+01
1.11774750E+20	1.92190625E+00	2.01485489E+57	3.08474205E+01
1.13121434E+20	1.91443750E+00	2.02269389E+57	3.08474205E+01
1.14468118E+20	1.90681250E+00	2.03047091E+57	3.08474205E+01
1.15814801E+20	1.89937500E+00	2.03818717E+57	3.08474205E+01
1.17161485E+20	1.89198438E+00	2.04584385E+57	3.08474205E+01
1.18508169E+20	1.88487500E+00	2.05344207E+57	3.08474205E+01
1.19854853E+20	1.87776563E+00	2.06098295E+57	3.08474205E+01
1.21201536E+20	1.87082813E+00	2.06846756E+57	3.08474205E+01
1.22548220E+20	1.86387500E+00	2.07589692E+57	3.08474205E+01
1.23894904E+20	1.85720313E+00	2.08327206E+57	3.08474205E+01
1.25241588E+20	1.85059375E+00	2.09059394E+57	3.08474205E+01
1.26588271E+20	1.84382813E+00	2.09786352E+57	3.08474205E+01
1.27934955E+20	1.83739063E+00	2.10508173E+57	3.08474205E+01
1.29281639E+20	1.83098438E+00	2.11224946E+57	3.08474205E+01
1.30628323E+20	1.82471875E+00	2.11936758E+57	3.08474205E+01
1.31975006E+20	1.81857813E+00	2.12643695E+57	3.08474205E+01
1.33321690E+20	1.81243750E+00	2.13345839E+57	3.08474205E+01
1.34668374E+20	1.80626563E+00	2.14043271E+57	3.08474205E+01
1.36015057E+20	1.80042188E+00	2.14736068E+57	3.08474205E+01
1.37361741E+20	1.79448438E+00	2.15424308E+57	3.08474205E+01
1.38708425E+20	1.78864063E+00	2.16108063E+57	3.08474205E+01
1.40055109E+20	1.78281250E+00	2.16787408E+57	3.08474205E+01
1.41401792E+20	1.77718750E+00	2.17462411E+57	3.08474205E+01
1.42748476E+20	1.77148438E+00	2.18133142E+57	3.08474205E+01
1.44095160E+20	1.76590625E+00	2.18799668E+57	3.08474205E+01
1.45441844E+20	1.76062500E+00	2.19462054E+57	3.08474205E+01
1.46788527E+20	1.75518750E+00	2.20120363E+57	3.08474205E+01
1.48135211E+20	1.74973438E+00	2.20774659E+57	3.08474205E+01
1.49481895E+20	1.74462500E+00	2.21425000E+57	3.08474205E+01
1.50828579E+20	1.73932813E+00	2.22071448E+57	3.08474205E+01
1.52175262E+20	1.73410938E+00	2.22714059E+57	3.08474205E+01
1.53521946E+20	1.72907813E+00	2.23352890E+57	3.08474205E+01
1.54868630E+20	1.72395313E+00	2.23987996E+57	3.08474205E+01
1.56215314E+20	1.71909375E+00	2.24619431E+57	3.08474205E+01
1.57561997E+20	1.71418750E+00	2.25247247E+57	3.08474205E+01
1.58908681E+20	1.70932813E+00	2.25871496E+57	3.08474205E+01
1.60255365E+20	1.70462500E+00	2.26492228E+57	3.08474205E+01
1.61602048E+20	1.69971875E+00	2.27109492E+57	3.08474205E+01
1.62948732E+20	1.69507813E+00	2.27723336E+57	3.08474205E+01
1.64295416E+20	1.69053125E+00	2.28333808E+57	3.08474205E+01
1.65642100E+20	1.68579688E+00	2.28940952E+57	3.08474205E+01
1.66988783E+20	1.68131250E+00	2.29544815E+57	3.08474205E+01
1.68335467E+20	1.67681250E+00	2.30145440E+57	3.08474205E+01
1.69682151E+20	1.67245313E+00	2.30742870E+57	3.08474205E+01
1.71028835E+20	1.66788281E+00	2.31337147E+57	3.08474205E+01
1.72375518E+20	1.66359375E+00	2.31928313E+57	3.08474205E+01
1.73722202E+20	1.65931250E+00	2.32516408E+57	3.08474205E+01
1.75068886E+20	1.65500000E+00	2.33101471E+57	3.08474205E+01
1.76415570E+20	1.65082031E+00	2.33683542E+57	3.08474205E+01
1.77762253E+20	1.64667969E+00	2.34262658E+57	3.08474205E+01
1.79108937E+20	1.64259375E+00	2.34838856E+57	3.08474205E+01
1.80455621E+20	1.63849219E+00	2.35412174E+57	3.08474205E+01
1.81802305E+20	1.63445313E+00	2.35982646E+57	3.08474205E+01
1.83148988E+20	1.63044531E+00	2.36550308E+57	3.08474205E+01
1.84495672E+20	1.62645313E+00	2.37115194E+57	3.08474205E+01
1.85842356E+20	1.62252344E+00	2.37677338E+57	3.08474205E+01
1.87189039E+20	1.61861719E+00	2.38236773E+57	3.08474205E+01
1.88535723E+20	1.61469531E+00	2.38793531E+57	3.08474205E+01
1.89882407E+20	1.61082813E+00	2.39347644E+57	3.08474205E+01
1.91229091E+20	1.60702344E+00	2.39899143E+57	3.08474205E+01
1.92575774E+20	1.60330469E+00	2.40448059E+57	3.08474206E+01
1.93922458E+20	1.59953125E+00	2.40994422E+57	3.08474206E+01
1.95269142E+20	1.59581250E+00	2.41538261E+57	3.08474206E+01
1.96615826E+20	1.59221875E+00	2.42079606E+57	3.08474206E+01
1.97962509E+20	1.58867188E+00	2.42618484E+57	3.08474206E+01
1.99309193E+20	1.58499219E+00	2.43154924E+57	3.08474206E+01
2.00655877E+20	1.58143750E+00	2.43688953E+57	3.08474206E+01
2.02002561E+20	1.57787500E+00	2.44220598E+57	3.08474206E+01
2.03349244E+20	1.57457813E+00	2.44749885E+57	3.08474206E+01
2.04695928E+20	1.57096094E+00	2.45276841E+57	3.08474206E+01
2.06042612E+20	1.56753906E+00	2.45801490E+57	3.08474206E+01
2.07389296E+20	1.56411719E+00	2.46323858E+57	3.08474206E+01
2.08735979E+20	1.56081250E+00	2.46843970E+57	3.08474206E+01
2.10082663E+20	1.55742969E+00	2.47361850E+57	3.08474206E+01
2.11429347E+20	1.55408594E+00	2.47877521E+57	3.08474206E+01
2.12776030E+20	1.55085938E+00	2.48391007E+57	3.08474206E+01
2.14122714E+20	1.54759375E+00	2.48902331E+57	3.08474206E+01
2.15469398E+20	1.54446875E+00	2.49411515E+57	3.08474206E+01
2.16816082E+20	1.54121094E+00	2.49918583E+57	3.08474206E+01
2.18162765E+20	1.53790625E+00	2.50423554E+57	3.08474206E+01
2.19509449E+20	1.53483594E+00	2.50926453E+57	3.08474206E+01
2.20856133E+20	1.53167188E+00	2.51427298E+57	3.08474206E+01
2.22202817E+20	1.52867188E+00	2.51926112E+57	3.08474206E+01
2.23549500E+20	1.52550000E+00	2.52422914E+57	3.08474206E+01
2.24896184E+20	1.52259375E+00	2.52917725E+57	3.08474206E+01
2.26242868E+20	1.51942969E+00	2.53410565E+57	3.08474206E+01
2.27589552E+20	1.51658594E+00	2.53901453E+57	3.08474206E+01
2.28936235E+20	1.51344531E+00	2.54390408E+57	3.08474206E+01
2.30282919E+20	1.51062500E+00	2.54877449E+57	3.08474206E+01
2.31629603E+20	1.50758594E+00	2.55362596E+57	3.08474206E+01
2.32976287E+20	1.50471094E+00	2.55845865E+57	3.08474206E+01
2.34322970E+20	1.50173438E+00	2.56327276E+57	3.08474206E+01
2.35669654E+20	1.49891406E+00	2.56806846E+57	3.08474206E+01
2.37016338E+20	1.49600000E+00	2.57284592E+57	3.08474206E+01
2.38363021E+20	1.49329688E+00	2.57760532E+57	3.08474206E+01
2.39709705E+20	1.49058594E+00	2.58234683E+57	3.08474206E+01
2.41056389E+20	1.48764844E+00	2.58707061E+57	3.08474206E+01
2.42403073E+20	1.48490625E+00	2.59177684E+57	3.08474206E+01
2.43749756E+20	1.48212500E+00	2.59646566E+57	3.08474206E+01
2.45096440E+20	1.47943750E+00	2.60113725E+57	3.08474206E+01
2.46443124E+20	1.47679688E+00	2.60579175E+57	3.08474206E+01
2.47789808E+20	1.47398438E+00	2.61042933E+57	3.08474206E+01
2.49136491E+20	1.47140625E+00	2.61505014E+57	3.08474206E+01
2.50483175E+20	1.46880469E+00	2.61965432E+57	3.08474206E+01
2.51829859E+20	1.46610156E+00	2.62424203E+57	3.08474206E+01
2.53176543E+20	1.46353125E+00	2.62881342E+57	3.08474206E+01
2.54523226E+20	1.46094531E+00	2.63336862E+57	3.08474206E+01
2.55869910E+20	1.45850000E+00	2.63790779E+57	3.08474206E+01
2.57216594E+20	1.45580469E+00	2.64243105E+57	3.08474206E+01
2.58563277E+20	1.45332813E+00	2.64693856E+57	3.08474206E+01
2.59909961E+20	1.45082031E+00	2.65143044E+57	3.08474206E+01
2.61256645E+20	1.44844531E+00	2.65590683E+57	3.08474206E+01
2.62603329E+20	1.44578125E+00	2.66036786E+57	3.08474206E+01
2.63950012E+20	1.44337500E+00	2.66481367E+57	3.08474206E+01
2.65296696E+20	1.44090625E+00	2.66924439E+57	3.08474206E+01
2.66643380E+20	1.43860156E+00	2.67366013E+57	3.08474206E+01
2.67990064E+20	1.43598438E+00	2.67806103E+57	3.08474206E+01
2.69336747E+20	1.43365625E+00	2.68244721E+57	3.08474206E+01
2.70683431E+20	1.43132031E+00	2.68681880E+57	3.08474206E+01
2.72030115E+20	1.42892188E+00	2.69117591E+57	3.08474206E+01
2.73376799E+20	1.42665625E+00	2.69551866E+57	3.08474206E+01
2.74723482E+20	1.42425000E+00	2.69984718E+57	3.08474206E+01
2.76070166E+20	1.42185938E+00	2.70416157E+57	3.08474206E+01
2.77416850E+20	1.41962500E+00	2.70846196E+57	3.08474206E+01
2.78763534E+20	1.41734375E+00	2.71274845E+57	3.08474206E+01
2.80110217E+20	1.41504688E+00	2.71702116E+57	3.08474206E+01
2.81456901E+20	1.41282031E+00	2.72128019E+57	3.08474206E+01
2.82803585E+20	1.41064063E+00	2.72552566E+57	3.08474206E+01
2.84150268E+20	1.40845313E+00	2.72975768E+57	3.08474206E+01
2.85496952E+20	1.40603125E+00	2.73397634E+57	3.08474206E+01
2.86843636E+20	1.40383594E+00	2.73818176E+57	3.08474206E+01
2.88190320E+20	1.40167969E+00	2.74237404E+57	3.08474206E+01
2.89537003E+20	1.39950781E+00	2.74655327E+57	3.08474206E+01
2.90883687E+20	1.39738281E+00	2.75071957E+57	3.08474206E+01
2.92230371E+20	1.39528125E+00	2.75487303E+57	3.08474206E+01
2.93577055E+20	1.39309375E+00	2.75901375E+57	3.08474206E+01
2.94923738E+20	1.39094531E+00	2.76314182E+57	3.08474206E+01
2.96270422E+20	1.38885938E+00	2.76725735E+57	3.08474206E+01
2.97617106E+20	1.38679688E+00	2.77136042E+57	3.08474206E+01
2.98963790E+20	1.38471094E+00	2.77545114E+57	3.08474206E+01
3.00310473E+20	1.38267188E+00	2.77952959E+57	3.08474206E+01
3.01657157E+20	1.38064063E+00	2.78359587E+57	3.08474206E+01
3.03003841E+20	1.37860156E+00	2.78765006E+57	3.08474206E+01
3.04350525E+20	1.37658594E+00	2.79169225E+57	3.08474206E+01
3.05697208E+20	1.37453906E+00	2.79572254E+57	3.08474206E+01
3.07043892E+20	1.37253125E+00	2.79974101E+57	3.08474206E+01
3.08390576E+20	1.37053125E+00	2.80374775E+57	3.08474206E+01
3.09737259E+20	1.36853906E+00	2.80774284E+57	3.08474206E+01
3.11083943E+20	1.36658594E+00	2.81172637E+57	3.08474206E+01
3.12430627E+20	1.36460156E+00	2.81569842E+57	3.08474206E+01
3.13777311E+20	1.36264063E+00	2.81965907E+57	3.08474206E+01
3.15123994E+20	1.36066406E+00	2.82360840E+57	3.08474206E+01
3.16470678E+20	1.35870313E+00	2.82754650E+57	3.08474206E+01
3.17817362E+20	1.35678125E+00	2.83147344E+57	3.08474206E+01
3.19164046E+20	1.35483594E+00	2.83538931E+57	3.08474206E+01
3.20510729E+20	1.35291406E+00	2.83929417E+57	3.08474206E+01
3.21857413E+20	1.35100781E+00	2.84318811E+57	3.08474206E+01
3.23204097E+20	1.34921875E+00	2.84707121E+57	3.08474206E+01
3.24550781E+20	1.34732031E+00	2.85094353E+57	3.08474206E+01
3.25897464E+20	1.34541406E+00	2.85480516E+57	3.08474206E+01
3.27244148E+20	1.34359375E+00	2.85865616E+57	3.08474206E+01
3.28590832E+20	1.34170313E+00	2.86249662E+57	3.08474206E+01
3.29937516E+20	1.33985156E+00	2.86632659E+57	3.08474206E+01
3.31284199E+20	1.33803125E+00	2.87014616E+57	3.08474206E+01
3.32630883E+20	1.33628906E+00	2.87395539E+57	3.08474206E+01
3.33977567E+20	1.33460938E+00	2.87775435E+57	3.08474206E+01
3.35324250E+20	1.33274219E+00	2.88154311E+57	3.08474206E+01
3.36670934E+20	1.33091406E+00	2.88532174E+57	3.08474206E+01
3.38017618E+20	1.32921875E+00	2.88909031E+57	3.08474206E+01
3.39364302E+20	1.32739844E+00	2.89284889E+57	3.08474206E+01
3.40710985E+20	1.32564063E+00	2.89659753E+57	3.08474206E+01
3.42057669E+20	1.32384375E+00	2.90033631E+57	3.08474206E+01
3.43404353E+20	1.32211719E+00	2.90406528E+57	3.08474206E+01
3.44751037E+20	1.32055469E+00	2.90778453E+57	3.08474206E+01
3.46097720E+20	1.31878125E+00	2.91149409E+57	3.08474206E+01
3.47444404E+20	1.31700781E+00	2.91519405E+57	3.08474206E+01
3.48791088E+20	1.31534375E+00	2.91888446E+57	3.08474206E+01
3.50137772E+20	1.31363281E+00	2.92256539E+57	3.08474206E+01
3.51484455E+20	1.31189844E+00	2.92623688E+57	3.08474206E+01
3.52831139E+20	1.31028906E+00	2.92989901E+57	3.08474206E+01
3.54177823E+20	1.30868750E+00	2.93355184E+57	3.08474206E+01
3.55524507E+20	1.30695313E+00	2.93719541E+57	3.08474206E+01
3.56871190E+20	1.30534375E+00	2.94082980E+57	3.08474206E+01
3.58217874E+20	1.30366406E+00	2.94445506E+57	3.08474206E+01
3.59564558E+20	1.30196875E+00	2.94807124E+57	3.08474206E+01
3.60911241E+20	1.30054688E+00	2.95167840E+57	3.08474206E+01
3.62257925E+20	1.29884375E+00	2.95527660E+57	3.08474206E+01
3.63604609E+20	1.29728125E+00	2.95886590E+57	3.08474206E+01
3.64951293E+20	1.29561719E+00	2.96244634E+57	3.08474206E+01
3.66297976E+20	1.29395313E+00	2.96601799E+57	3.08474206E+01
3.67644660E+20	1.29259375E+00	2.96958089E+57	3.08474206E+01
3.68991344E+20	1.29089063E+00	2.97313510E+57	3.08474206E+01
3.70338028E+20	1.28933594E+00	2.97668068E+57	3.08474206E+01
3.71684711E+20	1.28771094E+00	2.98021767E+57	3.08474206E+01
3.73031395E+20	1.28621875E+00	2.98374612E+57	3.08474206E+01
3.74378079E+20	1.28471094E+00	2.98726610E+57	3.08474206E+01
3.75724763E+20	1.28313281E+00	2.99077764E+57	3.08474206E+01
3.77071446E+20	1.28160156E+00	2.99428081E+57	3.08474206E+01
3.78418130E+20	1.27997656E+00	2.99777564E+57	3.08474206E+01
3.79764814E+20	1.27864844E+00	3.00126219E+57	3.08474206E+01
3.81111497E+20	1.27703906E+00	3.00474051E+57	3.08474206E+01
3.82458181E+20	1.27553906E+00	3.00821064E+57	3.08474206E+01
3.83804865E+20	1.27396875E+00	3.01167264E+57	3.08474206E+01
3.85151549E+20	1.27265625E+00	3.01512655E+57	3.08474206E+01
3.86498232E+20	1.27110156E+00	3.01857241E+57	3.08474206E+01
3.87844916E+20	1.26961719E+00	3.02201028E+57	3.08474206E+01
3.89191600E+20	1.26810156E+00	3.02544021E+57	3.08474206E+01
3.90538284E+20	1.26672656E+00	3.02886223E+57	3.08474206E+01
3.91884967E+20	1.26528906E+00	3.03227639E+57	3.08474206E+01
3.93231651E+20	1.26374219E+00	3.03568274E+57	3.08474206E+01
3.94578335E+20	1.26246875E+00	3.03908132E+57	3.08474206E+01
3.95925019E+20	1.26091406E+00	3.04247218E+57	3.08474206E+01
3.97271702E+20	1.25946875E+00	3.04585535E+57	3.08474206E+01
3.98618386E+20	1.25798438E+00	3.04923089E+57	3.08474206E+01
3.99965070E+20	1.25671094E+00	3.05259884E+57	3.08474206E+01
4.01311754E+20	1.25530469E+00	3.05595923E+57	3.08474206E+01
4.02658437E+20	1.25381250E+00	3.05931212E+57	3.08474206E+01
4.04005121E+20	1.25259375E+00	3.06265753E+57	3.08474206E+01
4.05351805E+20	1.25109375E+00	3.06599553E+57	3.08474206E+01
4.06698488E+20	1.24966406E+00	3.06932613E+57	3.08474206E+01
4.08045172E+20	1.24845313E+00	3.07264939E+57	3.08474206E+01
4.09391856E+20	1.24693750E+00	3.07596535E+57	3.08474206E+01
4.10738540E+20	1.24559375E+00	3.07927405E+57	3.08474206E+01
4.12085223E+20	1.24422656E+00	3.08257552E+57	3.08474206E+01
4.13431907E+20	1.24288281E+00	3.08586980E+57	3.08474206E+01
4.14778591E+20	1.24148438E+00	3.08915694E+57	3.08474206E+01
4.16125275E+20	1.24013281E+00	3.09243697E+57	3.08474206E+01
4.17471958E+20	1.23885938E+00	3.09570994E+57	3.08474206E+01
4.18818642E+20	1.23748438E+00	3.09897587E+57	3.08474206E+01
4.20165326E+20	1.23621094E+00	3.10223481E+57	3.08474206E+01
4.21512010E+20	1.23489063E+00	3.10548679E+57	3.08474206E+01
4.22858693E+20	1.23354688E+00	3.10873185E+57	3.08474206E+01
4.24205377E+20	1.23225781E+00	3.11197003E+57	3.08474206E+01
4.25552061E+20	1.23094531E+00	3.11520137E+57	3.08474206E+01
4.26898745E+20	1.22964844E+00	3.11842589E+57	3.08474206E+01
4.28245428E+20	1.22848438E+00	3.12164364E+57	3.08474206E+01
4.29592112E+20	1.22710156E+00	3.12485465E+57	3.08474206E+01
4.30938796E+20	1.22576563E+00	3.12805896E+57	3.08474206E+01
4.32285479E+20	1.22464063E+00	3.13125660E+57	3.08474206E+01
4.33632163E+20	1.22331250E+00	3.13444760E+57	3.08474206E+01
4.34978847E+20	1.22192969E+00	3.13763201E+57	3.08474206E+01
4.36325531E+20	1.22078906E+00	3.14080985E+57	3.08474206E+01
4.37672214E+20	1.21946094E+00	3.14398116E+57	3.08474206E+01
4.39018898E+20	1.21824219E+00	3.14714596E+57	3.08474206E+01
4.40365582E+20	1.21697656E+00	3.15030431E+57	3.08474206E+01
4.41712266E+20	1.21571875E+00	3.15345622E+57	3.08474206E+01
4.43058949E+20	1.21464063E+00	3.15660173E+57	3.08474206E+01
4.44405633E+20	1.21332813E+00	3.15974087E+57	3.08474206E+01
4.45752317E+20	1.21199219E+00	3.16287368E+57	3.08474206E+01
4.47099001E+20	1.21087109E+00	3.16600019E+57	3.08474206E+01
4.48445684E+20	1.20964453E+00	3.16912042E+57	3.08474206E+01
4.49792368E+20	1.20854688E+00	3.17223441E+57	3.08474206E+01
4.51139052E+20	1.20728906E+00	3.17534219E+57	3.08474206E+01
4.52485736E+20	1.20595703E+00	3.17844380E+57	3.08474206E+01
4.53832419E+20	1.20485156E+00	3.18153925E+57	3.08474206E+01
4.55179103E+20	1.20364844E+00	3.18462859E+57	3.08474206E+01
4.56525787E+20	1.20260156E+00	3.18771185E+57	3.08474206E+01
4.57872470E+20	1.20132031E+00	3.19078904E+57	3.08474206E+01
4.59219154E+20	1.20004297E+00	3.19386021E+57	3.08474206E+01
4.60565838E+20	1.19893750E+00	3.19692537E+57	3.08474206E+01
4.61912522E+20	1.19772656E+00	3.19998457E+57	3.08474206E+01
4.63259205E+20	1.19668750E+00	3.20303783E+57	3.08474206E+01
4.64605889E+20	1.19544141E+00	3.20608518E+57	3.08474206E+01
4.65952573E+20	1.19445703E+00	3.20912664E+57	3.08474206E+01
4.67299257E+20	1.19322266E+00	3.21216225E+57	3.08474206E+01
4.68645940E+20	1.19193750E+00	3.21519203E+57	3.08474206E+01
4.69992624E+20	1.19089063E+00	3.21821602E+57	3.08474206E+01
4.71339308E+20	1.18970313E+00	3.22123423E+57	3.08474206E+01
4.72685992E+20	1.18868359E+00	3.22424670E+57	3.08474206E+01
4.74032675E+20	1.18746094E+00	3.22725346E+57	3.08474206E+01
4.75379359E+20	1.18647656E+00	3.23025452E+57	3.08474206E+01
4.76726043E+20	1.18529688E+00	3.23324992E+57	3.08474206E+01
4.78072727E+20	1.18409375E+00	3.23623969E+57	3.08474206E+01
4.79419410E+20	1.18299609E+00	3.23922385E+57	3.08474206E+01
4.80766094E+20	1.18185156E+00	3.24220242E+57	3.08474206E+01
4.82112778E+20	1.18083594E+00	3.24517544E+57	3.08474206E+01
4.83459461E+20	1.17968750E+00	3.24814292E+57	3.08474206E+01
4.84806145E+20	1.17869141E+00	3.25110490E+57	3.08474206E+01
4.86152829E+20	1.17750781E+00	3.25406140E+57	3.08474206E+01
4.87499513E+20	1.17655859E+00	3.25701245E+57	3.08474206E+01
4.88846196E+20	1.17538281E+00	3.25995806E+57	3.08474206E+01
4.90192880E+20	1.17429297E+00	3.26289827E+57	3.08474206E+01
4.91539564E+20	1.17326563E+00	3.26583310E+57	3.08474206E+01
4.92886248E+20	1.17210156E+00	3.26876258E+57	3.08474206E+01
4.94232931E+20	1.17110156E+00	3.27168672E+57	3.08474206E+01
4.95579615E+20	1.16994141E+00	3.27460556E+57	3.08474206E+01
4.96926299E+20	1.16894922E+00	3.27751911E+57	3.08474206E+01
4.98272983E+20	1.16784766E+00	3.28042741E+57	3.08474206E+01
4.99619666E+20	1.16687109E+00	3.28333047E+57	3.08474206E+01
5.00966350E+20	1.16576563E+00	3.28622831E+57	3.08474206E+01
5.02313034E+20	1.16481250E+00	3.28912097E+57	3.08474206E+01
5.03659717E+20	1.16369531E+00	3.29200846E+57	3.08474206E+01
5.05006401E+20	1.16273438E+00	3.29489081E+57	3.08474206E+01
5.06353085E+20	1.16165234E+00	3.29776805E+57	3.08474206E+01
5.07699769E+20	1.16069531E+00	3.30064018E+57	3.08474206E+01
5.09046452E+20	1.15961328E+00	3.30350724E+57	3.08474206E+01
5.10393136E+20	1.15866797E+00	3.30636925E+57	3.08474207E+01
5.11739820E+20	1.15755859E+00	3.30922622E+57	3.08474207E+01
5.13086504E+20	1.15665234E+00	3.31207819E+57	3.08474207E+01
5.14433187E+20	1.15553906E+00	3.31492518E+57	3.08474207E+01
5.15779871E+20	1.15464844E+00	3.31776720E+57	3.08474207E+01
5.17126555E+20	1.15351172E+00	3.32060427E+57	3.08474207E+01
5.18473239E+20	1.15264844E+00	3.32343643E+57	3.08474207E+01
5.19819922E+20	1.15151953E+00	3.32626368E+57	3.08474207E+01
5.21166606E+20	1.15065234E+00	3.32908606E+57	3.08474207E+01
5.22513290E+20	1.14954688E+00	3.33190358E+57	3.08474207E+01
5.23859974E+20	1.14866406E+00	3.33471626E+57	3.08474207E+01
5.25206657E+20	1.14760156E+00	3.33752413E+57	3.08474207E+01
5.26553341E+20	1.14668750E+00	3.34032720E+57	3.08474207E+01
5.27900025E+20	1.14564063E+00	3.34312549E+57	3.08474207E+01
5.29246708E+20	1.14471875E+00	3.34591903E+57	3.08474207E+01
5.30593392E+20	1.14367188E+00	3.34870784E+57	3.08474207E+01
5.31940076E+20	1.14278906E+00	3.35149193E+57	3.08474207E+01
5.33286760E+20	1.14172266E+00	3.35427132E+57	3.08474207E+01
5.34633443E+20	1.14083594E+00	3.35704604E+57	3.08474207E+01
5.35980127E+20	1.13981641E+00	3.35981611E+57	3.08474207E+01
5.37326811E+20	1.13890625E+00	3.36258154E+57	3.08474207E+01
5.38673495E+20	1.13789453E+00	3.36534235E+57	3.08474207E+01
5.40020178E+20	1.13698047E+00	3.36809856E+57	3.08474207E+01
5.41366862E+20	1.13597656E+00	3.37085020E+57	3.08474207E+01
5.42713546E+20	1.13513672E+00	3.37359727E+57	3.08474207E+01
5.44060230E+20	1.13421484E+00	3.37633981E+57	3.08474207E+01
5.45406913E+20	1.13330859E+00	3.37907782E+57	3.08474207E+01
5.46753597E+20	1.13246094E+00	3.38181133E+57	3.08474207E+01
5.48100281E+20	1.13139844E+00	3.38454036E+57	3.08474207E+01
5.49446965E+20	1.13060156E+00	3.38726492E+57	3.08474207E+01
5.50793648E+20	1.12951953E+00	3.38998503E+57	3.08474207E+01
5.52140332E+20	1.12869531E+00	3.39270071E+57	3.08474207E+01
5.53487016E+20	1.12768750E+00	3.39541198E+57	3.08474207E+01
5.54833699E+20	1.12682813E+00	3.39811885E+57	3.08474207E+01
5.56180383E+20	1.12583594E+00	3.40082135E+57	3.08474207E+01
5.57527067E+20	1.12496484E+00	3.40351949E+57	3.08474207E+01
5.58873751E+20	1.12398828E+00	3.40621328E+57	3.08474207E+01
5.60220434E+20	1.12323047E+00	3.40890276E+57	3.08474207E+01
5.61567118E+20	1.12228906E+00	3.41158792E+57	3.08474207E+01
5.62913802E+20	1.12139063E+00	3.41426880E+57	3.08474207E+01
5.64260486E+20	1.12060938E+00	3.41694541E+57	3.08474207E+01
5.65607169E+20	1.11960547E+00	3.41961776E+57	3.08474207E+01
5.66953853E+20	1.11876172E+00	3.42228587E+57	3.08474207E+01
5.68300537E+20	1.11779297E+00	3.42494976E+57	3.08474207E+01
5.69647221E+20	1.11694141E+00	3.42760944E+57	3.08474207E+01
5.70993904E+20	1.11598047E+00	3.43026494E+57	3.08474207E+01
5.72340588E+20	1.11524609E+00	3.43291626E+57	3.08474207E+01
5.73687272E+20	1.11446094E+00	3.43556343E+57	3.08474207E+01
5.75033956E+20	1.11343750E+00	3.43820646E+57	3.08474207E+01
5.76380639E+20	1.11266406E+00	3.44084536E+57	3.08474207E+01
5.77727323E+20	1.11169141E+00	3.44348016E+57	3.08474207E+01
5.79074007E+20	1.11086719E+00	3.44611087E+57	3.08474207E+01
5.80420690E+20	1.10992188E+00	3.44873750E+57	3.08474207E+01
5.81767374E+20	1.10921484E+00	3.45136007E+57	3.08474207E+01
5.83114058E+20	1.10829297E+00	3.45397860E+57	3.08474207E+01
5.84460742E+20	1.10742188E+00	3.45659310E+57	3.08474207E+01
5.85807425E+20	1.10666406E+00	3.45920359E+57	3.08474207E+01
5.87154109E+20	1.10569922E+00	3.46181007E+57	3.08474207E+01
5.88500793E+20	1.10490234E+00	3.46441258E+57	3.08474207E+01
5.89847477E+20	1.10396484E+00	3.46701112E+57	3.08474207E+01
5.91194160E+20	1.10326563E+00	3.46960571E+57	3.08474207E+01
5.92540844E+20	1.10248828E+00	3.47219635E+57	3.08474207E+01
5.93887528E+20	1.10151563E+00	3.47478308E+57	3.08474207E+01
5.95234212E+20	1.10075391E+00	3.47736590E+57	3.08474207E+01
5.96580895E+20	1.09983203E+00	3.47994483E+57	3.08474207E+01
5.97927579E+20	1.09904688E+00	3.48251988E+57	3.08474207E+01
5.99274263E+20	1.09823438E+00	3.48509106E+57	3.08474207E+01
6.00620947E+20	1.09741016E+00	3.48765840E+57	3.08474207E+01
6.01967630E+20	1.09667188E+00	3.49022190E+57	3.08474207E+01
6.03314314E+20	1.09572656E+00	3.49278158E+57	3.08474207E+01
6.04660998E+20	1.09494922E+00	3.49533746E+57	3.08474207E+01
6.06007681E+20	1.09410547E+00	3.49788954E+57	3.08474207E+01
6.07354365E+20	1.09335547E+00	3.50043784E+57	3.08474207E+01
6.08701049E+20	1.09264453E+00	3.50298238E+57	3.08474207E+01
6.10047733E+20	1.09169531E+00	3.50552317E+57	3.08474207E+01
6.11394416E+20	1.09092188E+00	3.50806023E+57	3.08474207E+01
6.12741100E+20	1.09005859E+00	3.51059356E+57	3.08474207E+01
6.14087784E+20	1.08934766E+00	3.51312318E+57	3.08474207E+01
6.15434468E+20	1.08864844E+00	3.51564911E+57	3.08474207E+01
6.16781151E+20	1.08770703E+00	3.51817135E+57	3.08474207E+01
6.18127835E+20	1.08694531E+00	3.52068993E+57	3.08474207E+01
6.19474519E+20	1.08611719E+00	3.52320485E+57	3.08474207E+01
6.20821203E+20	1.08539063E+00	3.52571613E+57	3.08474207E+01
6.22167886E+20	1.08467578E+00	3.52822377E+57	3.08474207E+01
6.23514570E+20	1.08377344E+00	3.53072781E+57	3.08474207E+01
6.24861254E+20	1.08301563E+00	3.53322824E+57	3.08474207E+01
6.26207938E+20	1.08226172E+00	3.53572508E+57	3.08474207E+01
6.27554621E+20	1.08146094E+00	3.53821834E+57	3.08474207E+01
6.28901305E+20	1.08076172E+00	3.54070804E+57	3.08474207E+01
6.30247989E+20	1.07988672E+00	3.54319419E+57	3.08474207E+01
6.31594672E+20	1.07923047E+00	3.54567679E+57	3.08474207E+01
6.32941356E+20	1.07851953E+00	3.54815587E+57	3.08474207E+01
6.34288040E+20	1.07764453E+00	3.55063144E+57	3.08474207E+01
6.35634724E+20	1.07689844E+00	3.55310351E+57	3.08474207E+01
6.36981407E+20	1.07605469E+00	3.55557208E+57	3.08474207E+01
6.38328091E+20	1.07537500E+00	3.55803718E+57	3.08474207E+01
6.39674775E+20	1.07468750E+00	3.56049882E+57	3.08474207E+01
6.41021459E+20	1.07381641E+00	3.56295700E+57	3.08474207E+01
6.42368142E+20	1.07311719E+00	3.56541174E+57	3.08474207E+01
6.43714826E+20	1.07248047E+00	3.56786306E+57	3.08474207E+01
6.45061510E+20	1.07161328E+00	3.57031096E+57	3.08474207E+01
6.46408194E+20	1.07088672E+00	3.57275545E+57	3.08474207E+01
6.47754877E+20	1.07005469E+00	3.57519655E+57	3.08474207E+01
6.49101561E+20	1.06939844E+00	3.57763427E+57	3.08474207E+01
6.50448245E+20	1.06870703E+00	3.58006862E+57	3.08474207E+01
6.51794928E+20	1.06785156E+00	3.58249961E+57	3.08474207E+01
6.53141612E+20	1.06723438E+00	3.58492725E+57	3.08474207E+01
6.54488296E+20	1.06655469E+00	3.58735157E+57	3.08474207E+01
6.55834980E+20	1.06568750E+00	3.58977255E+57	3.08474207E+01
6.57181663E+20	1.06496875E+00	3.59219023E+57	3.08474207E+01
6.58528347E+20	1.06426563E+00	3.59460460E+57	3.08474207E+01
6.59875031E+20	1.06351172E+00	3.59701569E+57	3.08474207E+01
6.61221715E+20	1.06283984E+00	3.59942350E+57	3.08474207E+01
6.62568398E+20	1.06201172E+00	3.60182804E+57	3.08474207E+01
6.63915082E+20	1.06139063E+00	3.60422932E+57	3.08474207E+01
6.65261766E+20	1.06071484E+00	3.60662736E+57	3.08474207E+01
6.66608450E+20	1.05988672E+00	3.60902217E+57	3.08474207E+01
6.67955133E+20	1.05929297E+00	3.61141375E+57	3.08474207E+01
6.69301817E+20	1.05863672E+00	3.61380212E+57	3.08474207E+01
6.70648501E+20	1.05776563E+00	3.61618729E+57	3.08474207E+01
6.71995185E+20	1.05711328E+00	3.61856927E+57	3.08474207E+01
6.73341868E+20	1.05651563E+00	3.62094807E+57	3.08474207E+01
6.74688552E+20	1.05567188E+00	3.62332369E+57	3.08474207E+01
6.76035236E+20	1.05497266E+00	3.62569616E+57	3.08474207E+01
6.77381919E+20	1.05430078E+00	3.62806548E+57	3.08474207E+01
6.78728603E+20	1.05360547E+00	3.63043166E+57	3.08474207E+01
6.80075287E+20	1.05290625E+00	3.63279472E+57	3.08474207E+01
6.81421971E+20	1.05222266E+00	3.63515466E+57	3.08474207E+01
6.82768654E+20	1.05148438E+00	3.63751148E+57	3.08474207E+01
6.84115338E+20	1.05084375E+00	3.63986522E+57	3.08474207E+01
6.85462022E+20	1.05010156E+00	3.64221586E+57	3.08474207E+01
6.86808706E+20	1.04944141E+00	3.64456343E+57	3.08474207E+01
6.88155389E+20	1.04881250E+00	3.64690793E+57	3.08474207E+01
6.89502073E+20	1.04799219E+00	3.64924938E+57	3.08474207E+01
6.90848757E+20	1.04740234E+00	3.65158778E+57	3.08474207E+01
6.92195441E+20	1.04676563E+00	3.65392314E+57	3.08474207E+01
6.93542124E+20	1.04596484E+00	3.65625547E+57	3.08474207E+01
6.94888808E+20	1.04537500E+00	3.65858479E+57	3.08474207E+01
6.96235492E+20	1.04473438E+00	3.66091110E+57	3.08474207E+01
6.97582176E+20	1.04394531E+00	3.66323441E+57	3.08474207E+01
6.98928859E+20	1.04335938E+00	3.66555474E+57	3.08474207E+01
7.00275543E+20	1.04272656E+00	3.66787208E+57	3.08474207E+01
7.01622227E+20	1.04194141E+00	3.67018646E+57	3.08474207E+01
7.02968910E+20	1.04135938E+00	3.67249788E+57	3.08474207E+01
7.04315594E+20	1.04073047E+00	3.67480634E+57	3.08474207E+01
7.05662278E+20	1.03994531E+00	3.67711187E+57	3.08474207E+01
7.07008962E+20	1.03937109E+00	3.67941446E+57	3.08474207E+01
7.08355645E+20	1.03874219E+00	3.68171413E+57	3.08474207E+01
7.09702329E+20	1.03796484E+00	3.68401089E+57	3.08474207E+01
7.11049013E+20	1.03739844E+00	3.68630475E+57	3.08474207E+01
7.12395697E+20	1.03679297E+00	3.68859571E+57	3.08474207E+01
7.13742380E+20	1.03599609E+00	3.69088379E+57	3.08474207E+01
7.15089064E+20	1.03542188E+00	3.69316899E+57	3.08474207E+01
7.16435748E+20	1.03482031E+00	3.69545132E+57	3.08474207E+01
7.17782432E+20	1.03410156E+00	3.69773079E+57	3.08474207E+01
7.19129115E+20	1.03346484E+00	3.70000742E+57	3.08474207E+01
7.20475799E+20	1.03285938E+00	3.70228120E+57	3.08474207E+01
7.21822483E+20	1.03222266E+00	3.70455216E+57	3.08474207E+01
7.23169167E+20	1.03154688E+00	3.70682029E+57	3.08474207E+01
7.24515850E+20	1.03091797E+00	3.70908560E+57	3.08474207E+01
7.25862534E+20	1.03029688E+00	3.71134811E+57	3.08474207E+01
7.27209218E+20	1.02964844E+00	3.71360783E+57	3.08474207E+01
7.28555901E+20	1.02898828E+00	3.71586475E+57	3.08474207E+01
7.29902585E+20	1.02849219E+00	3.71811890E+57	3.08474207E+01
7.31249269E+20	1.02771094E+00	3.72037027E+57	3.08474207E+01
7.32595953E+20	1.02712891E+00	3.72261889E+57	3.08474207E+01
7.33942636E+20	1.02661328E+00	3.72486475E+57	3.08474207E+01
7.35289320E+20	1.02582031E+00	3.72710786E+57	3.08474207E+01
7.36636004E+20	1.02529688E+00	3.72934823E+57	3.08474207E+01
7.37982688E+20	1.02469141E+00	3.73158588E+57	3.08474207E+01
7.39329371E+20	1.02391797E+00	3.73382081E+57	3.08474207E+01
7.40676055E+20	1.02339063E+00	3.73605302E+57	3.08474207E+01
7.42022739E+20	1.02280078E+00	3.73828253E+57	3.08474207E+01
7.43369423E+20	1.02210156E+00	3.74050935E+57	3.08474207E+01
7.44716106E+20	1.02148438E+00	3.74273348E+57	3.08474207E+01
7.46062790E+20	1.02090625E+00	3.74495492E+57	3.08474207E+01
7.47409474E+20	1.02029688E+00	3.74717370E+57	3.08474207E+01
7.48756158E+20	1.01966016E+00	3.74938981E+57	3.08474207E+01
7.50102841E+20	1.01905469E+00	3.75160327E+57	3.08474207E+01
7.51449525E+20	1.01860156E+00	3.75381407E+57	3.08474207E+01
7.52796209E+20	1.01781250E+00	3.75602224E+57	3.08474207E+01
7.54142892E+20	1.01730078E+00	3.75822778E+57	3.08474207E+01
7.55489576E+20	1.01670313E+00	3.76043069E+57	3.08474207E+01
7.56836260E+20	1.01595703E+00	3.76263099E+57	3.08474207E+01
7.58182944E+20	1.01542578E+00	3.76482868E+57	3.08474207E+01
7.59529627E+20	1.01485156E+00	3.76702376E+57	3.08474207E+01
7.60876311E+20	1.01423828E+00	3.76921626E+57	3.08474207E+01
7.62222995E+20	1.01364063E+00	3.77140617E+57	3.08474207E+01
7.63569679E+20	1.01302344E+00	3.77359350E+57	3.08474207E+01
7.64916362E+20	1.01255469E+00	3.77577826E+57	3.08474207E+01
7.66263046E+20	1.01181641E+00	3.77796046E+57	3.08474207E+01
7.67609730E+20	1.01131250E+00	3.78014010E+57	3.08474207E+01
7.68956414E+20	1.01072266E+00	3.78231719E+57	3.08474208E+01
7.70303097E+20	1.00999219E+00	3.78449175E+57	3.08474208E+01
7.71649781E+20	1.00946875E+00	3.78666377E+57	3.08474208E+01
7.72996465E+20	1.00891016E+00	3.78883326E+57	3.08474208E+01
7.74343148E+20	1.00846484E+00	3.79100024E+57	3.08474208E+01
7.75689832E+20	1.00770313E+00	3.79316471E+57	3.08474208E+01
7.77036516E+20	1.00722656E+00	3.79532667E+57	3.08474208E+01
7.78383200E+20	1.00666406E+00	3.79748614E+57	3.08474208E+01
7.79729883E+20	1.00592188E+00	3.79964311E+57	3.08474208E+01
7.81076567E+20	1.00541406E+00	3.80179761E+57	3.08474208E+01
7.82423251E+20	1.00485547E+00	3.80394963E+57	3.08474208E+01
7.83769935E+20	1.00426563E+00	3.80609918E+57	3.08474208E+01
7.85116618E+20	1.00366797E+00	3.80824627E+57	3.08474208E+01
7.86463302E+20	1.00312500E+00	3.81039091E+57	3.08474208E+01
7.87809986E+20	1.00265234E+00	3.81253310E+57	3.08474208E+01
7.89156670E+20	1.00190625E+00	3.81467285E+57	3.08474208E+01
7.90503353E+20	1.00140625E+00	3.81681016E+57	3.08474208E+01
7.91850037E+20	1.00085547E+00	3.81894505E+57	3.08474208E+01
7.93196721E+20	1.00027344E+00	3.82107753E+57	3.08474208E+01
7.94543405E+20	9.99679688E-01	3.82320759E+57	3.08474208E+01
7.95890088E+20	9.99218750E-01	3.82533524E+57	3.08474208E+01
7.97236772E+20	9.98667969E-01	3.82746050E+57	3.08474208E+01
7.98583456E+20	9.97945313E-01	3.82958336E+57	3.08474208E+01
7.99930139E+20	9.97445313E-01	3.83170384E+57	3.08474208E+01
8.01276823E+20	9.96906250E-01	3.83382194E+57	3.08474208E+01
8.02623507E+20	9.96472656E-01	3.83593767E+57	3.08474208E+01
8.03970191E+20	9.95734375E-01	3.83805103E+57	3.08474208E+01
8.05316874E+20	9.95292969E-01	3.84016203E+57	3.08474208E+01
8.06663558E+20	9.94726563E-01	3.84227069E+57	3.08474208E+01
8.08010242E+20	9.94050781E-01	3.84437699E+57	3.08474208E+01
8.09356926E+20	9.93550781E-01	3.84648096E+57	3.08474208E+01
8.10703609E+20	9.92996094E-01	3.84858259E+57	3.08474208E+01
8.12050293E+20	9.92605469E-01	3.85068190E+57	3.08474208E+01
8.13396977E+20	9.91859375E-01	3.85277889E+57	3.08474208E+01
8.14743661E+20	9.91390625E-01	3.85487357E+57	3.08474208E+01
8.16090344E+20	9.90851563E-01	3.85696594E+57	3.08474208E+01
8.17437028E+20	9.90296875E-01	3.85905600E+57	3.08474208E+01
8.18783712E+20	9.89707031E-01	3.86114378E+57	3.08474208E+01
8.20130396E+20	9.89253906E-01	3.86322926E+57	3.08474208E+01
8.21477079E+20	9.88714844E-01	3.86531247E+57	3.08474208E+01
8.22823763E+20	9.88050781E-01	3.86739340E+57	3.08474208E+01
8.24170447E+20	9.87601563E-01	3.86947206E+57	3.08474208E+01
8.25517130E+20	9.87042969E-01	3.87154845E+57	3.08474208E+01
8.26863814E+20	9.86628906E-01	3.87362259E+57	3.08474208E+01
8.28210498E+20	9.85910156E-01	3.87569448E+57	3.08474208E+01
8.29557182E+20	9.85433594E-01	3.87776412E+57	3.08474208E+01
8.30903865E+20	9.84914063E-01	3.87983153E+57	3.08474208E+01
8.32250549E+20	9.84492188E-01	3.88189670E+57	3.08474208E+01
8.33597233E+20	9.83812500E-01	3.88395965E+57	3.08474208E+01
8.34943917E+20	9.83343750E-01	3.88602037E+57	3.08474208E+01
8.36290600E+20	9.82824219E-01	3.88807888E+57	3.08474208E+01
8.37637284E+20	9.82265625E-01	3.89013519E+57	3.08474208E+01
8.38983968E+20	9.81703125E-01	3.89218929E+57	3.08474208E+01
8.40330652E+20	9.81269531E-01	3.89424119E+57	3.08474208E+01
8.41677335E+20	9.80734375E-01	3.89629090E+57	3.08474208E+01
8.43024019E+20	9.80121094E-01	3.89833843E+57	3.08474208E+01
8.44370703E+20	9.79644531E-01	3.90038377E+57	3.08474208E+01
8.45717387E+20	9.79140625E-01	3.90242694E+57	3.08474208E+01
8.47064070E+20	9.78683594E-01	3.90446795E+57	3.08474208E+01
8.48410754E+20	9.78003906E-01	3.90650679E+57	3.08474208E+01
8.49757438E+20	9.77554688E-01	3.90854348E+57	3.08474208E+01
8.51104121E+20	9.77046875E-01	3.91057802E+57	3.08474208E+01
8.52450805E+20	9.76652344E-01	3.91261041E+57	3.08474208E+01
8.53797489E+20	9.75949219E-01	3.91464066E+57	3.08474208E+01
8.55144173E+20	9.75484375E-01	3.91666878E+57	3.08474208E+01
8.56490856E+20	9.74980469E-01	3.91869477E+57	3.08474208E+01
8.57837540E+20	9.74617188E-01	3.92071863E+57	3.08474208E+01
8.59184224E+20	9.73914063E-01	3.92274038E+57	3.08474208E+01
8.60530908E+20	9.73457031E-01	3.92476002E+57	3.08474208E+01
8.61877591E+20	9.72957031E-01	3.92677756E+57	3.08474208E+01
8.63224275E+20	9.72601563E-01	3.92879299E+57	3.08474208E+01
8.64570959E+20	9.71898438E-01	3.93080632E+57	3.08474208E+01
8.65917643E+20	9.71445313E-01	3.93281757E+57	3.08474208E+01
8.67264326E+20	9.70945313E-01	3.93482674E+57	3.08474208E+01
8.68611010E+20	9.70558594E-01	3.93683382E+57	3.08474208E+01
8.69957694E+20	9.69890625E-01	3.93883883E+57	3.08474208E+01
8.71304378E+20	9.69441406E-01	3.94084177E+57	3.08474208E+01
8.72651061E+20	9.68945313E-01	3.94284265E+57	3.08474208E+01
8.73997745E+20	9.68562500E-01	3.94484148E+57	3.08474208E+01
8.75344429E+20	9.67894531E-01	3.94683825E+57	3.08474208E+01
8.76691112E+20	9.67445313E-01	3.94883297E+57	3.08474208E+01
8.78037796E+20	9.66953125E-01	3.95082565E+57	3.08474208E+01
8.79384480E+20	9.66605469E-01	3.95281630E+57	3.08474208E+01
8.80731164E+20	9.65910156E-01	3.95480491E+57	3.08474208E+01
8.82077847E+20	9.65464844E-01	3.95679150E+57	3.08474208E+01
8.83424531E+20	9.64976563E-01	3.95877607E+57	3.08474208E+01
8.84771215E+20	9.64625000E-01	3.96075862E+57	3.08474208E+01
8.86117899E+20	9.63945313E-01	3.96273916E+57	3.08474208E+01
8.87464582E+20	9.63496094E-01	3.96471770E+57	3.08474208E+01
8.88811266E+20	9.63023438E-01	3.96669423E+57	3.08474208E+01
8.90157950E+20	9.62656250E-01	3.96866877E+57	3.08474208E+01
8.91504634E+20	9.61984375E-01	3.97064132E+57	3.08474208E+01
8.92851317E+20	9.61601563E-01	3.97261188E+57	3.08474208E+01
8.94198001E+20	9.61117188E-01	3.97458046E+57	3.08474208E+01
8.95544685E+20	9.60695313E-01	3.97654707E+57	3.08474208E+01
8.96891368E+20	9.60105469E-01	3.97851171E+57	3.08474208E+01
8.98238052E+20	9.59656250E-01	3.98047438E+57	3.08474208E+01
8.99584736E+20	9.59238281E-01	3.98243509E+57	3.08474208E+01
9.00931420E+20	9.58746094E-01	3.98439384E+57	3.08474208E+01
9.02278103E+20	9.58234375E-01	3.98635065E+57	3.08474208E+01
9.03624787E+20	9.57714844E-01	3.98830550E+57	3.08474208E+01
9.04971471E+20	9.57320313E-01	3.99025842E+57	3.08474208E+01
9.06318155E+20	9.56832031E-01	3.99220940E+57	3.08474208E+01
9.07664838E+20	9.56468750E-01	3.99415845E+57	3.08474208E+01
9.09011522E+20	9.55820313E-01	3.99610557E+57	3.08474208E+01
9.10358206E+20	9.55398438E-01	3.99805077E+57	3.08474208E+01
9.11704890E+20	9.54917969E-01	3.99999405E+57	3.08474208E+01
9.13051573E+20	9.54558594E-01	4.00193542E+57	3.08474208E+01
9.14398257E+20	9.53910156E-01	4.00387488E+57	3.08474208E+01
9.15744941E+20	9.53480469E-01	4.00581244E+57	3.08474208E+01
9.17091625E+20	9.53023438E-01	4.00774809E+57	3.08474208E+01
9.18438308E+20	9.52664063E-01	4.00968186E+57	3.08474208E+01
9.19784992E+20	9.52046875E-01	4.01161373E+57	3.08474208E+01
9.21131676E+20	9.51644531E-01	4.01354373E+57	3.08474208E+01
9.22478359E+20	9.51238281E-01	4.01547184E+57	3.08474208E+01
9.23825043E+20	9.50769531E-01	4.01739807E+57	3.08474208E+01
9.25171727E+20	9.50265625E-01	4.01932243E+57	3.08474208E+01
9.26518411E+20	9.49753906E-01	4.02124493E+57	3.08474208E+01
9.27865094E+20	9.49355469E-01	4.02316557E+57	3.08474208E+01
9.29211778E+20	9.48894531E-01	4.02508435E+57	3.08474208E+01
9.30558462E+20	9.48546875E-01	4.02700127E+57	3.08474208E+01
9.31905146E+20	9.47906250E-01	4.02891635E+57	3.08474208E+01
9.33251829E+20	9.47480469E-01	4.03082958E+57	3.08474208E+01
9.34598513E+20	9.47046875E-01	4.03274097E+57	3.08474208E+01
9.35945197E+20	9.46679688E-01	4.03465053E+57	3.08474208E+01
9.37291881E+20	9.46105469E-01	4.03655826E+57	3.08474208E+01
9.38638564E+20	9.45671875E-01	4.03846416E+57	3.08474208E+01
9.39985248E+20	9.45300781E-01	4.04036823E+57	3.08474208E+01
9.41331932E+20	9.44828125E-01	4.04227049E+57	3.08474208E+01
9.42678616E+20	9.44476563E-01	4.04417094E+57	3.08474208E+01
9.44025299E+20	9.43839844E-01	4.04606958E+57	3.08474208E+01
9.45371983E+20	9.43433594E-01	4.04796641E+57	3.08474208E+01
9.46718667E+20	9.42976563E-01	4.04986144E+57	3.08474208E+01
9.48065350E+20	9.42656250E-01	4.05175468E+57	3.08474208E+01
9.49412034E+20	9.42023438E-01	4.05364613E+57	3.08474208E+01
9.50758718E+20	9.41656250E-01	4.05553578E+57	3.08474208E+01
9.52105402E+20	9.41269531E-01	4.05742366E+57	3.08474208E+01
9.53452085E+20	9.40820313E-01	4.05930975E+57	3.08474208E+01
9.54798769E+20	9.40468750E-01	4.06119407E+57	3.08474208E+01
9.56145453E+20	9.39839844E-01	4.06307661E+57	3.08474208E+01
9.57492137E+20	9.39441406E-01	4.06495740E+57	3.08474208E+01
9.58838820E+20	9.38984375E-01	4.06683641E+57	3.08474208E+01
9.60185504E+20	9.38664063E-01	4.06871367E+57	3.08474208E+01
9.61532188E+20	9.38058594E-01	4.07058918E+57	3.08474208E+01
9.62878872E+20	9.37671875E-01	4.07246293E+57	3.08474208E+01
9.64225555E+20	9.37308594E-01	4.07433494E+57	3.08474208E+01
9.65572239E+20	9.36843750E-01	4.07620521E+57	3.08474208E+01
9.66918923E+20	9.36503906E-01	4.07807373E+57	3.08474208E+01
9.68265607E+20	9.35894531E-01	4.07994053E+57	3.08474208E+01
9.69612290E+20	9.35484375E-01	4.08180559E+57	3.08474208E+01
9.70958974E+20	9.35105469E-01	4.08366893E+57	3.08474208E+01
9.72305658E+20	9.34714844E-01	4.08553055E+57	3.08474208E+01
9.73652341E+20	9.34234375E-01	4.08739044E+57	3.08474208E+01
9.74999025E+20	9.33742188E-01	4.08924863E+57	3.08474208E+01
9.76345709E+20	9.33371094E-01	4.09110510E+57	3.08474208E+01
9.77692393E+20	9.32929688E-01	4.09295986E+57	3.08474208E+01
9.79039076E+20	9.32628906E-01	4.09481293E+57	3.08474208E+01
9.80385760E+20	9.31988281E-01	4.09666429E+57	3.08474208E+01
9.81732444E+20	9.31652344E-01	4.09851397E+57	3.08474208E+01
9.83079128E+20	9.31296875E-01	4.10036195E+57	3.08474208E+01
9.84425811E+20	9.30832031E-01	4.10220824E+57	3.08474208E+01
9.85772495E+20	9.30496094E-01	4.10405285E+57	3.08474208E+01
9.87119179E+20	9.29898438E-01	4.10589578E+57	3.08474208E+01
9.88465863E+20	9.29503906E-01	4.10773704E+57	3.08474208E+01
9.89812546E+20	9.29121094E-01	4.10957662E+57	3.08474208E+01
9.91159230E+20	9.28734375E-01	4.11141454E+57	3.08474208E+01
9.92505914E+20	9.28273438E-01	4.11325079E+57	3.08474208E+01
9.93852598E+20	9.27816406E-01	4.11508538E+57	3.08474208E+01
9.95199281E+20	9.27425781E-01	4.11691832E+57	3.08474208E+01
9.96545965E+20	9.26988281E-01	4.11874960E+57	3.08474208E+01
9.97892649E+20	9.26675781E-01	4.12057923E+57	3.08474208E+01
9.99239332E+20	9.26140625E-01	4.12240722E+57	3.08474208E+01
1.00058602E+21	9.25722656E-01	4.12423357E+57	3.08474208E+01
1.00193270E+21	9.25363281E-01	4.12605828E+57	3.08474209E+01
1.00327938E+21	9.24933594E-01	4.12788135E+57	3.08474209E+01
1.00462607E+21	9.24644531E-01	4.12970279E+57	3.08474209E+01
1.00597275E+21	9.24046875E-01	4.13152261E+57	3.08474209E+01
1.00731943E+21	9.23675781E-01	4.13334080E+57	3.08474209E+01
1.00866612E+21	9.23328125E-01	4.13515738E+57	3.08474209E+01
1.01001280E+21	9.22894531E-01	4.13697233E+57	3.08474209E+01
1.01135949E+21	9.22605469E-01	4.13878568E+57	3.08474209E+01
1.01270617E+21	9.21972656E-01	4.14059742E+57	3.08474209E+01
1.01405285E+21	9.21648438E-01	4.14240755E+57	3.08474209E+01
1.01539954E+21	9.21300781E-01	4.14421607E+57	3.08474209E+01
1.01674622E+21	9.20855469E-01	4.14602300E+57	3.08474209E+01
1.01809290E+21	9.20550781E-01	4.14782834E+57	3.08474209E+01
1.01943959E+21	9.19949219E-01	4.14963208E+57	3.08474209E+01
1.02078627E+21	9.19621094E-01	4.15143424E+57	3.08474209E+01
1.02213296E+21	9.19269531E-01	4.15323481E+57	3.08474209E+01
1.02347964E+21	9.18843750E-01	4.15503380E+57	3.08474209E+01
1.02482632E+21	9.18523438E-01	4.15683122E+57	3.08474209E+01
1.02617301E+21	9.17933594E-01	4.15862706E+57	3.08474209E+01
1.02751969E+21	9.17613281E-01	4.16042132E+57	3.08474209E+01
1.02886637E+21	9.17265625E-01	4.16221403E+57	3.08474209E+01
1.03021306E+21	9.16835938E-01	4.16400516E+57	3.08474209E+01
1.03155974E+21	9.16519531E-01	4.16579474E+57	3.08474209E+01
1.03290643E+21	9.15941406E-01	4.16758276E+57	3.08474209E+01
1.03425311E+21	9.15613281E-01	4.16936923E+57	3.08474209E+01
1.03559979E+21	9.15269531E-01	4.17115415E+57	3.08474209E+01
1.03694648E+21	9.14843750E-01	4.17293752E+57	3.08474209E+01
1.03829316E+21	9.14546875E-01	4.17471935E+57	3.08474209E+01
1.03963984E+21	9.13953125E-01	4.17649964E+57	3.08474209E+01
1.04098653E+21	9.13640625E-01	4.17827839E+57	3.08474209E+01
1.04233321E+21	9.13300781E-01	4.18005561E+57	3.08474209E+01
1.04367990E+21	9.12859375E-01	4.18183129E+57	3.08474209E+01
1.04502658E+21	9.12566406E-01	4.18360545E+57	3.08474209E+01
1.04637326E+21	9.11976563E-01	4.18537809E+57	3.08474209E+01
1.04771995E+21	9.11660156E-01	4.18714921E+57	3.08474209E+01
1.04906663E+21	9.11324219E-01	4.18891881E+57	3.08474209E+01
1.05041331E+21	9.10906250E-01	4.19068689E+57	3.08474209E+01
1.05176000E+21	9.10628906E-01	4.19245347E+57	3.08474209E+01
1.05310668E+21	9.10046875E-01	4.19421854E+57	3.08474209E+01
1.05445337E+21	9.09699219E-01	4.19598210E+57	3.08474209E+01
1.05580005E+21	9.09359375E-01	4.19774416E+57	3.08474209E+01
1.05714673E+21	9.08949219E-01	4.19950473E+57	3.08474209E+01
1.05849342E+21	9.08664063E-01	4.20126380E+57	3.08474209E+01
1.05984010E+21	9.08144531E-01	4.20302138E+57	3.08474209E+01
1.06118678E+21	9.07753906E-01	4.20477747E+57	3.08474209E+01
1.06253347E+21	9.07414063E-01	4.20653208E+57	3.08474209E+01
1.06388015E+21	9.07019531E-01	4.20828520E+57	3.08474209E+01
1.06522684E+21	9.06710938E-01	4.21003685E+57	3.08474209E+01
1.06657352E+21	9.06273438E-01	4.21178702E+57	3.08474209E+01
1.06792020E+21	9.05839844E-01	4.21353571E+57	3.08474209E+01
1.06926689E+21	9.05480469E-01	4.21528294E+57	3.08474209E+01
1.07061357E+21	9.05144531E-01	4.21702870E+57	3.08474209E+01
1.07196025E+21	9.04800781E-01	4.21877300E+57	3.08474209E+01
1.07330694E+21	9.04488281E-01	4.22051584E+57	3.08474209E+01
1.07465362E+21	9.03921875E-01	4.22225722E+57	3.08474209E+01
1.07600031E+21	9.03617188E-01	4.22399714E+57	3.08474209E+01
1.07734699E+21	9.03300781E-01	4.22573562E+57	3.08474209E+01
1.07869367E+21	9.02878906E-01	4.22747265E+57	3.08474209E+01
1.08004036E+21	9.02613281E-01	4.22920823E+57	3.08474209E+01
1.08138704E+21	9.02046875E-01	4.23094237E+57	3.08474209E+01
1.08273372E+21	9.01707031E-01	4.23267507E+57	3.08474209E+01
1.08408041E+21	9.01378906E-01	4.23440633E+57	3.08474209E+01
1.08542709E+21	9.00976563E-01	4.23613616E+57	3.08474209E+01
1.08677378E+21	9.00695313E-01	4.23786457E+57	3.08474209E+01
1.08812046E+21	9.00253906E-01	4.23959154E+57	3.08474209E+01
1.08946714E+21	8.99832031E-01	4.24131709E+57	3.08474209E+01
1.09081383E+21	8.99480469E-01	4.24304122E+57	3.08474209E+01
1.09216051E+21	8.99222656E-01	4.24476393E+57	3.08474209E+01
1.09350719E+21	8.98816406E-01	4.24648522E+57	3.08474209E+01
1.09485388E+21	8.98519531E-01	4.24820510E+57	3.08474209E+01
1.09620056E+21	8.97953125E-01	4.24992357E+57	3.08474209E+01
1.09754725E+21	8.97656250E-01	4.25164064E+57	3.08474209E+01
1.09889393E+21	8.97332031E-01	4.25335630E+57	3.08474209E+01
1.10024061E+21	8.96929688E-01	4.25507056E+57	3.08474209E+01
1.10158730E+21	8.96664063E-01	4.25678342E+57	3.08474209E+01
1.10293398E+21	8.96222656E-01	4.25849489E+57	3.08474209E+01
1.10428066E+21	8.95800781E-01	4.26020496E+57	3.08474209E+01
1.10562735E+21	8.95457031E-01	4.26191364E+57	3.08474209E+01
1.10697403E+21	8.95121094E-01	4.26362094E+57	3.08474209E+01
1.10832072E+21	8.94800781E-01	4.26532685E+57	3.08474209E+01
1.10966740E+21	8.94503906E-01	4.26703139E+57	3.08474209E+01
1.11101408E+21	8.93949219E-01	4.26873454E+57	3.08474209E+01
1.11236077E+21	8.93656250E-01	4.27043632E+57	3.08474209E+01
1.11370745E+21	8.93335938E-01	4.27213672E+57	3.08474209E+01
1.11505413E+21	8.92941406E-01	4.27383575E+57	3.08474209E+01
1.11640082E+21	8.92671875E-01	4.27553342E+57	3.08474209E+01
1.11774750E+21	8.92234375E-01	4.27722972E+57	3.08474209E+01
1.11909418E+21	8.91824219E-01	4.27892466E+57	3.08474209E+01
1.12044087E+21	8.91480469E-01	4.28061824E+57	3.08474209E+01
1.12178755E+21	8.91226563E-01	4.28231047E+57	3.08474209E+01
1.12313424E+21	8.90832031E-01	4.28400134E+57	3.08474209E+01
1.12448092E+21	8.90554688E-01	4.28569086E+57	3.08474209E+01
1.12582760E+21	8.90003906E-01	4.28737903E+57	3.08474209E+01
1.12717429E+21	8.89703125E-01	4.28906585E+57	3.08474209E+01
1.12852097E+21	8.89394531E-01	4.29075134E+57	3.08474209E+01
1.12986765E+21	8.89003906E-01	4.29243548E+57	3.08474209E+01
1.13121434E+21	8.88722656E-01	4.29411828E+57	3.08474209E+01
1.13256102E+21	8.88320313E-01	4.29579975E+57	3.08474209E+01
1.13390771E+21	8.87906250E-01	4.29747989E+57	3.08474209E+01
1.13525439E+21	8.87617188E-01	4.29915870E+57	3.08474209E+01
1.13660107E+21	8.87320313E-01	4.30083618E+57	3.08474209E+01
1.13794776E+21	8.86917969E-01	4.30251233E+57	3.08474209E+01
1.13929444E+21	8.86664063E-01	4.30418717E+57	3.08474209E+01
1.14064112E+21	8.86230469E-01	4.30586068E+57	3.08474209E+01
1.14198781E+21	8.85824219E-01	4.30753288E+57	3.08474209E+01
1.14333449E+21	8.85488281E-01	4.30920376E+57	3.08474209E+01
1.14468118E+21	8.85238281E-01	4.31087333E+57	3.08474209E+01
1.14602786E+21	8.84847656E-01	4.31254160E+57	3.08474209E+01
1.14737454E+21	8.84613281E-01	4.31420855E+57	3.08474209E+01
1.14872123E+21	8.84066406E-01	4.31587420E+57	3.08474209E+01
1.15006791E+21	8.83738281E-01	4.31753856E+57	3.08474209E+01
1.15141459E+21	8.83437500E-01	4.31920161E+57	3.08474209E+01
1.15276128E+21	8.83113281E-01	4.32086337E+57	3.08474209E+01
1.15410796E+21	8.82808594E-01	4.32252383E+57	3.08474209E+01
1.15545465E+21	8.82527344E-01	4.32418300E+57	3.08474209E+01
1.15680133E+21	8.81984375E-01	4.32584088E+57	3.08474209E+01
1.15814801E+21	8.81699219E-01	4.32749748E+57	3.08474209E+01
1.15949470E+21	8.81402344E-01	4.32915279E+57	3.08474209E+01
1.16084138E+21	8.81046875E-01	4.33080682E+57	3.08474209E+01
1.16218806E+21	8.80753906E-01	4.33245958E+57	3.08474209E+01
1.16353475E+21	8.80488281E-01	4.33411105E+57	3.08474209E+01
1.16488143E+21	8.79953125E-01	4.33576126E+57	3.08474209E+01
1.16622812E+21	8.79671875E-01	4.33741019E+57	3.08474209E+01
1.16757480E+21	8.79363281E-01	4.33905785E+57	3.08474209E+01
1.16892148E+21	8.78988281E-01	4.34070425E+57	3.08474209E+01
1.17026817E+21	8.78730469E-01	4.34234938E+57	3.08474209E+01
1.17161485E+21	8.78476563E-01	4.34399325E+57	3.08474209E+01
1.17296153E+21	8.77929688E-01	4.34563586E+57	3.08474209E+01
1.17430822E+21	8.77660156E-01	4.34727722E+57	3.08474209E+01
1.17565490E+21	8.77355469E-01	4.34891732E+57	3.08474209E+01
1.17700159E+21	8.76980469E-01	4.35055617E+57	3.08474209E+01
1.17834827E+21	8.76722656E-01	4.35219377E+57	3.08474209E+01
1.17969495E+21	8.76472656E-01	4.35383012E+57	3.08474209E+01
1.18104164E+21	8.75925781E-01	4.35546522E+57	3.08474209E+01
1.18238832E+21	8.75656250E-01	4.35709909E+57	3.08474209E+01
1.18373500E+21	8.75355469E-01	4.35873171E+57	3.08474209E+01
1.18508169E+21	8.74980469E-01	4.36036310E+57	3.08474209E+01
1.18642837E+21	8.74722656E-01	4.36199325E+57	3.08474209E+01
1.18777506E+21	8.74476563E-01	4.36362217E+57	3.08474209E+01
1.18912174E+21	8.73937500E-01	4.36524985E+57	3.08474209E+01
1.19046842E+21	8.73667969E-01	4.36687631E+57	3.08474209E+01
1.19181511E+21	8.73363281E-01	4.36850154E+57	3.08474209E+01
1.19316179E+21	8.73000000E-01	4.37012555E+57	3.08474209E+01
1.19450847E+21	8.72738281E-01	4.37174834E+57	3.08474209E+01
1.19585516E+21	8.72488281E-01	4.37336991E+57	3.08474209E+01
1.19720184E+21	8.71958984E-01	4.37499026E+57	3.08474209E+01
1.19854853E+21	8.71691406E-01	4.37660939E+57	3.08474209E+01
1.19989521E+21	8.71398438E-01	4.37822732E+57	3.08474209E+01
1.20124189E+21	8.71050781E-01	4.37984403E+57	3.08474209E+01
1.20258858E+21	8.70796875E-01	4.38145954E+57	3.08474209E+01
1.20393526E+21	8.70523438E-01	4.38307384E+57	3.08474209E+01
1.20528194E+21	8.70003906E-01	4.38468694E+57	3.08474209E+01
1.20662863E+21	8.69722656E-01	4.38629883E+57	3.08474209E+01
1.20797531E+21	8.69429688E-01	4.38790953E+57	3.08474209E+01
1.20932200E+21	8.69128906E-01	4.38951903E+57	3.08474209E+01
1.21066868E+21	8.68830078E-01	4.39112733E+57	3.08474209E+01
1.21201536E+21	8.68609375E-01	4.39273445E+57	3.08474209E+01
1.21336205E+21	8.68109375E-01	4.39434037E+57	3.08474209E+01
1.21470873E+21	8.67800781E-01	4.39594511E+57	3.08474209E+01
1.21605541E+21	8.67480469E-01	4.39754866E+57	3.08474209E+01
1.21740210E+21	8.67246094E-01	4.39915102E+57	3.08474210E+01
1.21874878E+21	8.66894531E-01	4.40075221E+57	3.08474210E+01
1.22009547E+21	8.66656250E-01	4.40235222E+57	3.08474210E+01
1.22144215E+21	8.66238281E-01	4.40395105E+57	3.08474210E+01
1.22278883E+21	8.65855469E-01	4.40554870E+57	3.08474210E+01
1.22413552E+21	8.65609375E-01	4.40714518E+57	3.08474210E+01
1.22548220E+21	8.65324219E-01	4.40874049E+57	3.08474210E+01
1.22682888E+21	8.64953125E-01	4.41033464E+57	3.08474210E+01
1.22817557E+21	8.64710938E-01	4.41192761E+57	3.08474210E+01
1.22952225E+21	8.64472656E-01	4.41351943E+57	3.08474210E+01
1.23086894E+21	8.63945313E-01	4.41511008E+57	3.08474210E+01
1.23221562E+21	8.63675781E-01	4.41669957E+57	3.08474210E+01
1.23356230E+21	8.63398438E-01	4.41828790E+57	3.08474210E+01
1.23490899E+21	8.63066406E-01	4.41987508E+57	3.08474210E+01
1.23625567E+21	8.62810547E-01	4.42146111E+57	3.08474210E+01
1.23760235E+21	8.62560547E-01	4.42304598E+57	3.08474210E+01
1.23894904E+21	8.62066406E-01	4.42462970E+57	3.08474210E+01
1.24029572E+21	8.61796875E-01	4.42621228E+57	3.08474210E+01
1.24164240E+21	8.61482422E-01	4.42779371E+57	3.08474210E+01
1.24298909E+21	8.61255859E-01	4.42937400E+57	3.08474210E+01
1.24433577E+21	8.60904297E-01	4.43095315E+57	3.08474210E+01
1.24568246E+21	8.60667969E-01	4.43253116E+57	3.08474210E+01
1.24702914E+21	8.60273438E-01	4.43410803E+57	3.08474210E+01
1.24837582E+21	8.59902344E-01	4.43568377E+57	3.08474210E+01
1.24972251E+21	8.59650391E-01	4.43725837E+57	3.08474210E+01
1.25106919E+21	8.59359375E-01	4.43883184E+57	3.08474210E+01
1.25241587E+21	8.59019531E-01	4.44040419E+57	3.08474210E+01
1.25376256E+21	8.58773438E-01	4.44197541E+57	3.08474210E+01
1.25510924E+21	8.58546875E-01	4.44354550E+57	3.08474210E+01
1.25645593E+21	8.58046875E-01	4.44511447E+57	3.08474210E+01
1.25780261E+21	8.57769531E-01	4.44668232E+57	3.08474210E+01
1.25914929E+21	8.57476563E-01	4.44824905E+57	3.08474210E+01
1.26049598E+21	8.57253906E-01	4.44981466E+57	3.08474210E+01
1.26184266E+21	8.56906250E-01	4.45137916E+57	3.08474210E+01
1.26318934E+21	8.56671875E-01	4.45294255E+57	3.08474210E+01
1.26453603E+21	8.56296875E-01	4.45450483E+57	3.08474210E+01
1.26588271E+21	8.55912109E-01	4.45606599E+57	3.08474210E+01
1.26722940E+21	8.55662109E-01	4.45762606E+57	3.08474210E+01
1.26857608E+21	8.55382813E-01	4.45918501E+57	3.08474210E+01
1.26992276E+21	8.55060547E-01	4.46074286E+57	3.08474210E+01
1.27126945E+21	8.54816406E-01	4.46229962E+57	3.08474210E+01
1.27261613E+21	8.54607422E-01	4.46385527E+57	3.08474210E+01
1.27396281E+21	8.54117188E-01	4.46540982E+57	3.08474210E+01
1.27530950E+21	8.53824219E-01	4.46696328E+57	3.08474210E+01
1.27665618E+21	8.53550781E-01	4.46851565E+57	3.08474210E+01
1.27800287E+21	8.53318359E-01	4.47006693E+57	3.08474210E+01
1.27934955E+21	8.52955078E-01	4.47161711E+57	3.08474210E+01
1.28069623E+21	8.52722656E-01	4.47316621E+57	3.08474210E+01
1.28204292E+21	8.52488281E-01	4.47471423E+57	3.08474210E+01
1.28338960E+21	8.51982422E-01	4.47626116E+57	3.08474210E+01
1.28473628E+21	8.51728516E-01	4.47780701E+57	3.08474210E+01
1.28608297E+21	8.51457031E-01	4.47935177E+57	3.08474210E+01
1.28742965E+21	8.51238281E-01	4.48089546E+57	3.08474210E+01
1.28877634E+21	8.50898438E-01	4.48243808E+57	3.08474210E+01
1.29012302E+21	8.50671875E-01	4.48397962E+57	3.08474210E+01
1.29146970E+21	8.50300781E-01	4.48552009E+57	3.08474210E+01
1.29281639E+21	8.49921875E-01	4.48705948E+57	3.08474210E+01
1.29416307E+21	8.49675781E-01	4.48859781E+57	3.08474210E+01
1.29550975E+21	8.49410156E-01	4.49013507E+57	3.08474210E+01
1.29685644E+21	8.49121094E-01	4.49167127E+57	3.08474210E+01
1.29820312E+21	8.48843750E-01	4.49320640E+57	3.08474210E+01
1.29954981E+21	8.48644531E-01	4.49474047E+57	3.08474210E+01
1.30089649E+21	8.48238281E-01	4.49627349E+57	3.08474210E+01
1.30224317E+21	8.47878906E-01	4.49780544E+57	3.08474210E+01
1.30358986E+21	8.47648438E-01	4.49933634E+57	3.08474210E+01
1.30493654E+21	8.47365234E-01	4.50086619E+57	3.08474210E+01
1.30628322E+21	8.47054688E-01	4.50239498E+57	3.08474210E+01
1.30762991E+21	8.46820313E-01	4.50392272E+57	3.08474210E+01
1.30897659E+21	8.46613281E-01	4.50544942E+57	3.08474210E+01
1.31032328E+21	8.46146484E-01	4.50697507E+57	3.08474210E+01
1.31166996E+21	8.45847656E-01	4.50849967E+57	3.08474210E+01
1.31301664E+21	8.45615234E-01	4.51002323E+57	3.08474210E+01
1.31436333E+21	8.45347656E-01	4.51154575E+57	3.08474210E+01
1.31571001E+21	8.45019531E-01	4.51306722E+57	3.08474210E+01
1.31705669E+21	8.44800781E-01	4.51458766E+57	3.08474210E+01
1.31840338E+21	8.44605469E-01	4.51610707E+57	3.08474210E+01
1.31975006E+21	8.44128906E-01	4.51762544E+57	3.08474210E+01
1.32109675E+21	8.43835938E-01	4.51914278E+57	3.08474210E+01
1.32244343E+21	8.43609375E-01	4.52065908E+57	3.08474210E+01
1.32379011E+21	8.43343750E-01	4.52217436E+57	3.08474210E+01
1.32513680E+21	8.43005859E-01	4.52368861E+57	3.08474210E+01
1.32648348E+21	8.42800781E-01	4.52520184E+57	3.08474210E+01
1.32783016E+21	8.42605469E-01	4.52671404E+57	3.08474210E+01
1.32917685E+21	8.42128906E-01	4.52822522E+57	3.08474210E+01
1.33052353E+21	8.41837891E-01	4.52973537E+57	3.08474210E+01
1.33187022E+21	8.41613281E-01	4.53124451E+57	3.08474210E+01
1.33321690E+21	8.41347656E-01	4.53275264E+57	3.08474210E+01
1.33456358E+21	8.41021484E-01	4.53425974E+57	3.08474210E+01
1.33591027E+21	8.40806641E-01	4.53576584E+57	3.08474210E+01
1.33725695E+21	8.40609375E-01	4.53727092E+57	3.08474210E+01
1.33860363E+21	8.40146484E-01	4.53877499E+57	3.08474210E+01
1.33995032E+21	8.39853516E-01	4.54027806E+57	3.08474210E+01
1.34129700E+21	8.39630859E-01	4.54178011E+57	3.08474210E+01
1.34264369E+21	8.39363281E-01	4.54328117E+57	3.08474210E+01
1.34399037E+21	8.39060547E-01	4.54478121E+57	3.08474210E+01
1.34533705E+21	8.38828125E-01	4.54628026E+57	3.08474210E+01
