2022-01-02 19:47:45
Density	Radius	Energy	Rest mass
1.00000000E-03	1.24982500E+00	2.48572862E-03	2.48820310E-03
1.00999000E-01	1.00297324E+00	1.27515094E-01	1.35958183E-01
2.00998000E-01	8.64712988E-01	1.57512389E-01	1.71922404E-01
3.00997000E-01	7.75771289E-01	1.63638628E-01	1.79744850E-01
4.00996000E-01	7.13639551E-01	1.62267515E-01	1.77899503E-01
5.00995000E-01	6.67884473E-01	1.58387479E-01	1.72590051E-01
6.00994000E-01	6.32903027E-01	1.53775718E-01	1.66190332E-01
7.00993000E-01	6.05451465E-01	1.49119059E-01	1.59672346E-01
8.00992000E-01	5.83484863E-01	1.44686966E-01	1.53438763E-01
9.00991000E-01	5.65637061E-01	1.40576496E-01	1.47645053E-01
1.00099000E+00	5.50989160E-01	1.36810526E-01	1.42335362E-01
1.10098900E+00	5.38869116E-01	1.33379932E-01	1.37503462E-01
1.20098800E+00	5.28784546E-01	1.30262544E-01	1.33121255E-01
1.30098700E+00	5.20369287E-01	1.27431876E-01	1.29152431E-01
1.40098600E+00	5.13314014E-01	1.24861137E-01	1.25559023E-01
1.50098500E+00	5.07436084E-01	1.22525006E-01	1.22304476E-01
1.60098400E+00	5.02543506E-01	1.20400322E-01	1.19354968E-01
1.70098300E+00	4.98471387E-01	1.18466255E-01	1.16679861E-01
1.80098200E+00	4.95117236E-01	1.16704235E-01	1.14251715E-01
1.90098100E+00	4.92392236E-01	1.15097766E-01	1.12046100E-01
2.00098000E+00	4.90196387E-01	1.13632219E-01	1.10041325E-01
2.10097900E+00	4.88471777E-01	1.12294613E-01	1.08218146E-01
2.20097800E+00	4.87155371E-01	1.11073409E-01	1.06559481E-01
2.30097700E+00	4.86196094E-01	1.09958332E-01	1.05050147E-01
2.40097600E+00	4.85552832E-01	1.08940208E-01	1.03676619E-01
2.50097500E+00	4.85185693E-01	1.08010822E-01	1.02426829E-01
2.60097400E+00	4.85052246E-01	1.07162798E-01	1.01289978E-01
2.70097300E+00	4.85148340E-01	1.06389494E-01	1.00256380E-01
2.80097200E+00	4.85417285E-01	1.05684911E-01	9.93173238E-02
2.90097100E+00	4.85854248E-01	1.05043618E-01	9.84649574E-02
3.00097000E+00	4.86438672E-01	1.04460681E-01	9.76921830E-02
3.10096900E+00	4.87152832E-01	1.03931610E-01	9.69925702E-02
3.20096800E+00	4.87973437E-01	1.03452307E-01	9.63602790E-02
3.30096700E+00	4.88884619E-01	1.03019021E-01	9.57899943E-02
3.40096600E+00	4.89877100E-01	1.02628316E-01	9.52768676E-02
3.50096500E+00	4.90948486E-01	1.02277034E-01	9.48164679E-02
3.60096400E+00	4.92071436E-01	1.01962271E-01	9.44047371E-02
3.70096300E+00	4.93242871E-01	1.01681346E-01	9.40379530E-02
3.80096200E+00	4.94456738E-01	1.01431786E-01	9.37126949E-02
3.90096100E+00	4.95708545E-01	1.01211304E-01	9.34258148E-02
4.00096000E+00	4.96992236E-01	1.01017781E-01	9.31744116E-02
4.10095900E+00	4.98286670E-01	1.00849253E-01	9.29558077E-02
4.20095800E+00	4.99599121E-01	1.00703898E-01	9.27675295E-02
4.30095700E+00	5.00938232E-01	1.00580022E-01	9.26072886E-02
4.40095600E+00	5.02248242E-01	1.00476051E-01	9.24729664E-02
4.50095500E+00	5.03585498E-01	1.00390521E-01	9.23625995E-02
4.60095400E+00	5.04905225E-01	1.00322066E-01	9.22743667E-02
4.70095300E+00	5.06227588E-01	1.00269417E-01	9.22065777E-02
4.80095200E+00	5.07549463E-01	1.00231389E-01	9.21576628E-02
4.90095100E+00	5.08846387E-01	1.00206876E-01	9.21261628E-02
5.00095000E+00	5.10146143E-01	1.00194850E-01	9.21107216E-02
5.10094900E+00	5.11412256E-01	1.00194349E-01	9.21100773E-02
5.20094800E+00	5.12674072E-01	1.00204475E-01	9.21230559E-02
5.30094700E+00	5.13910937E-01	1.00224391E-01	9.21485648E-02
5.40094600E+00	5.15143848E-01	1.00253315E-01	9.21855865E-02
5.50094500E+00	5.16344434E-01	1.00290517E-01	9.22331738E-02
5.60094400E+00	5.17513184E-01	1.00335316E-01	9.22904442E-02
5.70094300E+00	5.18674902E-01	1.00387076E-01	9.23565759E-02
5.80094200E+00	5.19808838E-01	1.00445202E-01	9.24308036E-02
5.90094100E+00	5.20938232E-01	1.00509142E-01	9.25124140E-02
6.00094000E+00	5.22008838E-01	1.00578376E-01	9.26007430E-02
6.10093900E+00	5.23074561E-01	1.00652423E-01	9.26951720E-02
6.20093800E+00	5.24111035E-01	1.00730832E-01	9.27951247E-02
6.30093700E+00	5.25142236E-01	1.00813184E-01	9.29000647E-02
6.40093600E+00	5.26138184E-01	1.00899086E-01	9.30094925E-02
6.50093500E+00	5.27088867E-01	1.00988174E-01	9.31229431E-02
6.60093400E+00	5.28034473E-01	1.01080107E-01	9.32399839E-02
6.70093300E+00	5.28955273E-01	1.01174568E-01	9.33602122E-02
6.80093200E+00	5.29846484E-01	1.01271263E-01	9.34832538E-02
6.90093100E+00	5.30738916E-01	1.01369916E-01	9.36087605E-02
7.00093000E+00	5.31573975E-01	1.01470273E-01	9.37364089E-02
7.10092900E+00	5.32396338E-01	1.01572096E-01	9.38658985E-02
7.20092800E+00	5.33198145E-01	1.01675163E-01	9.39969503E-02
7.30092700E+00	5.33984473E-01	1.01779270E-01	9.41293053E-02
7.40092600E+00	5.34744287E-01	1.01884227E-01	9.42627234E-02
7.50092500E+00	5.35474414E-01	1.01989857E-01	9.43969821E-02
7.60092400E+00	5.36192334E-01	1.02095997E-01	9.45318750E-02
7.70092300E+00	5.36885742E-01	1.02202494E-01	9.46672113E-02
7.80092200E+00	5.37569043E-01	1.02309209E-01	9.48028145E-02
7.90092100E+00	5.38211426E-01	1.02416012E-01	9.49385214E-02
8.00092000E+00	5.38846338E-01	1.02522783E-01	9.50741814E-02
8.10091900E+00	5.39468994E-01	1.02629411E-01	9.52096556E-02
8.20091800E+00	5.40056543E-01	1.02735796E-01	9.53448159E-02
8.30091700E+00	5.40637402E-01	1.02841842E-01	9.54795446E-02
8.40091600E+00	5.41199219E-01	1.02947464E-01	9.56137334E-02
8.50091500E+00	5.41748242E-01	1.03052583E-01	9.57472829E-02
8.60091400E+00	5.42271484E-01	1.03157127E-01	9.58801021E-02
8.70091300E+00	5.42784473E-01	1.03261028E-01	9.60121078E-02
8.80091200E+00	5.43273145E-01	1.03364226E-01	9.61432239E-02
8.90091100E+00	5.43752246E-01	1.03466666E-01	9.62733813E-02
9.00091000E+00	5.44209424E-01	1.03568299E-01	9.64025169E-02
9.10090900E+00	5.44654687E-01	1.03669078E-01	9.65305737E-02
9.20090800E+00	5.45092725E-01	1.03768963E-01	9.66575002E-02
9.30090700E+00	5.45505664E-01	1.03867916E-01	9.67832500E-02
9.40090600E+00	5.45909814E-01	1.03965905E-01	9.69077814E-02
9.50090500E+00	5.46301270E-01	1.04062899E-01	9.70310572E-02
9.60090400E+00	5.46684521E-01	1.04158873E-01	9.71530443E-02
9.70090300E+00	5.47046094E-01	1.04253803E-01	9.72737135E-02
9.80090200E+00	5.47399414E-01	1.04347669E-01	9.73930392E-02
9.90090100E+00	5.47746680E-01	1.04440453E-01	9.75109990E-02
1.00009000E+01	5.48071582E-01	1.04532140E-01	9.76275739E-02
1.01008990E+01	5.48388477E-01	1.04622717E-01	9.77427476E-02
1.02008980E+01	5.48692822E-01	1.04712173E-01	9.78565063E-02
1.03008970E+01	5.48992187E-01	1.04800500E-01	9.79688389E-02
1.04008960E+01	5.49274219E-01	1.04887690E-01	9.80797367E-02
1.05008950E+01	5.49552148E-01	1.04973738E-01	9.81891930E-02
1.06008940E+01	5.49811963E-01	1.05058641E-01	9.82972029E-02
1.07008930E+01	5.50071680E-01	1.05142396E-01	9.84037637E-02
1.08008920E+01	5.50312061E-01	1.05225003E-01	9.85088741E-02
1.09008910E+01	5.50555322E-01	1.05306461E-01	9.86125346E-02
1.10008900E+01	5.50785645E-01	1.05386773E-01	9.87147469E-02
1.11008890E+01	5.51000439E-01	1.05465941E-01	9.88155142E-02
1.12008880E+01	5.51210937E-01	1.05543969E-01	9.89148410E-02
1.13008870E+01	5.51413867E-01	1.05620860E-01	9.90127326E-02
1.14008860E+01	5.51610596E-01	1.05696621E-01	9.91091957E-02
1.15008850E+01	5.51799707E-01	1.05771258E-01	9.92042378E-02
1.16008840E+01	5.51985645E-01	1.05844777E-01	9.92978672E-02
1.17008830E+01	5.52156445E-01	1.05917186E-01	9.93900930E-02
1.18008820E+01	5.52338477E-01	1.05988492E-01	9.94809253E-02
1.19008810E+01	5.52484473E-01	1.06058704E-01	9.95703744E-02
1.20008800E+01	5.52635498E-01	1.06127831E-01	9.96584516E-02
1.21008790E+01	5.52785840E-01	1.06195883E-01	9.97451686E-02
1.22008780E+01	5.52938135E-01	1.06262869E-01	9.98305374E-02
1.23008770E+01	5.53054492E-01	1.06328800E-01	9.99145708E-02
1.24008760E+01	5.53188770E-01	1.06393685E-01	9.99972816E-02
1.25008750E+01	5.53306982E-01	1.06457535E-01	1.00078683E-01
1.26008740E+01	5.53425732E-01	1.06520362E-01	1.00158789E-01
1.27008730E+01	5.53547217E-01	1.06582177E-01	1.00237614E-01
1.28008720E+01	5.53646875E-01	1.06642990E-01	1.00315171E-01
1.29008710E+01	5.53754492E-01	1.06702814E-01	1.00391475E-01
1.30008700E+01	5.53847266E-01	1.06761660E-01	1.00466541E-01
1.31008690E+01	5.53948242E-01	1.06819540E-01	1.00540383E-01
1.32008680E+01	5.54028223E-01	1.06876465E-01	1.00613015E-01
1.33008670E+01	5.54112012E-01	1.06932448E-01	1.00684454E-01
1.34008660E+01	5.54196533E-01	1.06987501E-01	1.00754713E-01
1.35008650E+01	5.54272998E-01	1.07041634E-01	1.00823808E-01
1.36008640E+01	5.54348340E-01	1.07094861E-01	1.00891753E-01
1.37008630E+01	5.54409229E-01	1.07147194E-01	1.00958565E-01
1.38008620E+01	5.54474854E-01	1.07198644E-01	1.01024257E-01
1.39008610E+01	5.54543555E-01	1.07249224E-01	1.01088846E-01
1.40008600E+01	5.54593457E-01	1.07298945E-01	1.01152345E-01
1.41008590E+01	5.54643506E-01	1.07347820E-01	1.01214770E-01
1.42008580E+01	5.54693848E-01	1.07395860E-01	1.01276136E-01
1.43008570E+01	5.54747998E-01	1.07443077E-01	1.01336458E-01
1.44008560E+01	5.54787500E-01	1.07489482E-01	1.01395750E-01
1.45008550E+01	5.54823340E-01	1.07535089E-01	1.01454027E-01
1.46008540E+01	5.54868994E-01	1.07579907E-01	1.01511303E-01
1.47008530E+01	5.54896436E-01	1.07623949E-01	1.01567594E-01
1.48008520E+01	5.54942187E-01	1.07667226E-01	1.01622913E-01
1.49008510E+01	5.54968994E-01	1.07709750E-01	1.01677275E-01
1.50008500E+01	5.54987402E-01	1.07751531E-01	1.01730693E-01
1.51008490E+01	5.55006982E-01	1.07792581E-01	1.01783182E-01
1.52008480E+01	5.55027246E-01	1.07832911E-01	1.01834756E-01
1.53008470E+01	5.55046973E-01	1.07872531E-01	1.01885428E-01
1.54008460E+01	5.55069531E-01	1.07911453E-01	1.01935212E-01
1.55008450E+01	5.55084619E-01	1.07949688E-01	1.01984122E-01
1.56008440E+01	5.55092773E-01	1.07987244E-01	1.02032170E-01
1.57008430E+01	5.55100195E-01	1.08024134E-01	1.02079370E-01
1.58008420E+01	5.55108545E-01	1.08060368E-01	1.02125734E-01
1.59008410E+01	5.55113232E-01	1.08095955E-01	1.02171276E-01
1.60008400E+01	5.55138477E-01	1.08130906E-01	1.02216009E-01
1.61008390E+01	5.55138184E-01	1.08165231E-01	1.02259944E-01
1.62008380E+01	5.55138184E-01	1.08198939E-01	1.02303095E-01
1.63008370E+01	5.55138135E-01	1.08232040E-01	1.02345473E-01
1.64008360E+01	5.55139160E-01	1.08264544E-01	1.02387090E-01
1.65008350E+01	5.55111963E-01	1.08296461E-01	1.02427959E-01
1.66008340E+01	5.55106006E-01	1.08327799E-01	1.02468090E-01
1.67008330E+01	5.55099414E-01	1.08358567E-01	1.02507497E-01
1.68008320E+01	5.55092725E-01	1.08388775E-01	1.02546189E-01
1.69008310E+01	5.55084521E-01	1.08418432E-01	1.02584180E-01
1.70008300E+01	5.55071826E-01	1.08447546E-01	1.02621478E-01
1.71008290E+01	5.55052979E-01	1.08476127E-01	1.02658096E-01
1.72008280E+01	5.55042236E-01	1.08504182E-01	1.02694044E-01
1.73008270E+01	5.55023486E-01	1.08531720E-01	1.02729333E-01
1.74008260E+01	5.55006836E-01	1.08558750E-01	1.02763974E-01
1.75008250E+01	5.54992773E-01	1.08585279E-01	1.02797976E-01
1.76008240E+01	5.54974707E-01	1.08611316E-01	1.02831350E-01
1.77008230E+01	5.54952979E-01	1.08636869E-01	1.02864106E-01
1.78008220E+01	5.54939600E-01	1.08661944E-01	1.02896254E-01
1.79008210E+01	5.54902637E-01	1.08686551E-01	1.02927803E-01
1.80008200E+01	5.54884570E-01	1.08710697E-01	1.02958764E-01
1.81008190E+01	5.54854248E-01	1.08734389E-01	1.02989145E-01
1.82008180E+01	5.54828369E-01	1.08757634E-01	1.03018956E-01
1.83008170E+01	5.54804248E-01	1.08780440E-01	1.03048206E-01
1.84008160E+01	5.54784473E-01	1.08802813E-01	1.03076905E-01
1.85008150E+01	5.54752539E-01	1.08824762E-01	1.03105060E-01
1.86008140E+01	5.54739014E-01	1.08846292E-01	1.03132681E-01
1.87008130E+01	5.54689160E-01	1.08867411E-01	1.03159776E-01
1.88008120E+01	5.54656055E-01	1.08888125E-01	1.03186354E-01
1.89008110E+01	5.54625488E-01	1.08908441E-01	1.03212423E-01
1.90008100E+01	5.54596826E-01	1.08928365E-01	1.03237991E-01
1.91008090E+01	5.54571289E-01	1.08947903E-01	1.03263067E-01
1.92008080E+01	5.54542187E-01	1.08967063E-01	1.03287658E-01
1.93008070E+01	5.54494482E-01	1.08985850E-01	1.03311773E-01
1.94008060E+01	5.54458545E-01	1.09004269E-01	1.03335418E-01
1.95008050E+01	5.54423975E-01	1.09022328E-01	1.03358601E-01
1.96008040E+01	5.54392773E-01	1.09040032E-01	1.03381331E-01
1.97008030E+01	5.54355957E-01	1.09057387E-01	1.03403614E-01
1.98008020E+01	5.54313086E-01	1.09074398E-01	1.03425457E-01
1.99008010E+01	5.54278320E-01	1.09091071E-01	1.03446868E-01
2.00008000E+01	5.54242285E-01	1.09107411E-01	1.03467853E-01
2.01007990E+01	5.54202246E-01	1.09123425E-01	1.03488420E-01
2.02007980E+01	5.54171533E-01	1.09139116E-01	1.03508575E-01
2.03007970E+01	5.54138477E-01	1.09154492E-01	1.03528324E-01
2.04007960E+01	5.54086475E-01	1.09169556E-01	1.03547676E-01
2.05007950E+01	5.54043799E-01	1.09184313E-01	1.03566635E-01
2.06007940E+01	5.54004248E-01	1.09198770E-01	1.03585208E-01
2.07007930E+01	5.53971533E-01	1.09212930E-01	1.03603401E-01
2.08007920E+01	5.53938135E-01	1.09226798E-01	1.03621221E-01
2.09007910E+01	5.53884521E-01	1.09240379E-01	1.03638674E-01
2.10007900E+01	5.53838232E-01	1.09253679E-01	1.03655765E-01
2.11007890E+01	5.53798242E-01	1.09266701E-01	1.03672501E-01
2.12007880E+01	5.53758545E-01	1.09279449E-01	1.03688886E-01
2.13007870E+01	5.53709668E-01	1.09291929E-01	1.03704928E-01
2.14007860E+01	5.53671973E-01	1.09304145E-01	1.03720631E-01
2.15007850E+01	5.53624512E-01	1.09316101E-01	1.03736000E-01
2.16007840E+01	5.53586719E-01	1.09327801E-01	1.03751042E-01
2.17007830E+01	5.53546582E-01	1.09339250E-01	1.03765761E-01
2.18007820E+01	5.53496289E-01	1.09350451E-01	1.03780162E-01
2.19007810E+01	5.53449463E-01	1.09361408E-01	1.03794252E-01
2.20007800E+01	5.53406250E-01	1.09372126E-01	1.03808034E-01
2.21007790E+01	5.53371338E-01	1.09382608E-01	1.03821514E-01
2.22007780E+01	5.53317187E-01	1.09392859E-01	1.03834697E-01
2.23007770E+01	5.53274658E-01	1.09402881E-01	1.03847587E-01
2.24007760E+01	5.53226465E-01	1.09412679E-01	1.03860189E-01
2.25007750E+01	5.53187207E-01	1.09422257E-01	1.03872508E-01
2.26007740E+01	5.53146387E-01	1.09431617E-01	1.03884548E-01
2.27007730E+01	5.53093408E-01	1.09440764E-01	1.03896314E-01
2.28007720E+01	5.53046680E-01	1.09449700E-01	1.03907811E-01
2.29007710E+01	5.53002246E-01	1.09458429E-01	1.03919042E-01
2.30007700E+01	5.52969043E-01	1.09466956E-01	1.03930012E-01
2.31007690E+01	5.52909082E-01	1.09475282E-01	1.03940725E-01
2.32007680E+01	5.52871143E-01	1.09483411E-01	1.03951185E-01
2.33007670E+01	5.52818750E-01	1.09491346E-01	1.03961396E-01
2.34007660E+01	5.52777295E-01	1.09499091E-01	1.03971363E-01
2.35007650E+01	5.52742725E-01	1.09506649E-01	1.03981089E-01
2.36007640E+01	5.52684814E-01	1.09514022E-01	1.03990578E-01
2.37007630E+01	5.52636475E-01	1.09521213E-01	1.03999834E-01
2.38007620E+01	5.52592920E-01	1.09528226E-01	1.04008861E-01
2.39007610E+01	5.52549414E-01	1.09535063E-01	1.04017662E-01
2.40007600E+01	5.52496973E-01	1.09541728E-01	1.04026240E-01
2.41007590E+01	5.52449707E-01	1.09548222E-01	1.04034601E-01
2.42007580E+01	5.52405225E-01	1.09554550E-01	1.04042746E-01
2.43007570E+01	5.52369336E-01	1.09560712E-01	1.04050680E-01
2.44007560E+01	5.52310840E-01	1.09566713E-01	1.04058406E-01
2.45007550E+01	5.52271338E-01	1.09572555E-01	1.04065928E-01
2.46007540E+01	5.52221045E-01	1.09578239E-01	1.04073247E-01
2.47007530E+01	5.52178076E-01	1.09583770E-01	1.04080369E-01
2.48007520E+01	5.52142187E-01	1.09589149E-01	1.04087295E-01
2.49007510E+01	5.52085596E-01	1.09594378E-01	1.04094030E-01
2.50007500E+01	5.52036768E-01	1.09599461E-01	1.04100575E-01
2.51007490E+01	5.51993457E-01	1.09604399E-01	1.04106935E-01
2.52007480E+01	5.51950000E-01	1.09609195E-01	1.04113113E-01
2.53007470E+01	5.51898242E-01	1.09613852E-01	1.04119110E-01
2.54007460E+01	5.51851025E-01	1.09618371E-01	1.04124930E-01
2.55007450E+01	5.51806592E-01	1.09622754E-01	1.04130577E-01
2.56007440E+01	5.51771045E-01	1.09627004E-01	1.04136051E-01
2.57007430E+01	5.51713086E-01	1.09631123E-01	1.04141358E-01
2.58007420E+01	5.51673096E-01	1.09635114E-01	1.04146498E-01
2.59007410E+01	5.51623486E-01	1.09638977E-01	1.04151476E-01
2.60007400E+01	5.51585498E-01	1.09642716E-01	1.04156292E-01
2.61007390E+01	5.51543506E-01	1.09646332E-01	1.04160951E-01
2.62007380E+01	5.51488721E-01	1.09649827E-01	1.04165454E-01
2.63007370E+01	5.51443213E-01	1.09653203E-01	1.04169805E-01
2.64007360E+01	5.51399121E-01	1.09656462E-01	1.04174005E-01
2.65007350E+01	5.51356152E-01	1.09659607E-01	1.04178056E-01
2.66007340E+01	5.51305811E-01	1.09662638E-01	1.04181963E-01
2.67007330E+01	5.51269092E-01	1.09665558E-01	1.04185725E-01
2.68007320E+01	5.51218213E-01	1.09668368E-01	1.04189347E-01
2.69007310E+01	5.51177344E-01	1.09671071E-01	1.04192830E-01
2.70007300E+01	5.51142187E-01	1.09673668E-01	1.04196177E-01
2.71007290E+01	5.51086475E-01	1.09676160E-01	1.04199389E-01
2.72007280E+01	5.51039160E-01	1.09678550E-01	1.04202469E-01
2.73007270E+01	5.50997314E-01	1.09680838E-01	1.04205420E-01
2.74007260E+01	5.50955273E-01	1.09683028E-01	1.04208242E-01
2.75007250E+01	5.50905469E-01	1.09685120E-01	1.04210938E-01
2.76007240E+01	5.50869238E-01	1.09687115E-01	1.04213511E-01
2.77007230E+01	5.50818994E-01	1.09689017E-01	1.04215962E-01
2.78007220E+01	5.50784619E-01	1.09690825E-01	1.04218293E-01
2.79007210E+01	5.50742969E-01	1.09692541E-01	1.04220506E-01
2.80007200E+01	5.50689014E-01	1.09694168E-01	1.04222603E-01
2.81007190E+01	5.50644531E-01	1.09695706E-01	1.04224586E-01
2.82007180E+01	5.50602393E-01	1.09697157E-01	1.04226457E-01
2.83007170E+01	5.50569336E-01	1.09698522E-01	1.04228217E-01
2.84007160E+01	5.50513525E-01	1.09699803E-01	1.04229869E-01
2.85007150E+01	5.50474707E-01	1.09701001E-01	1.04231414E-01
2.86007140E+01	5.50428564E-01	1.09702118E-01	1.04232853E-01
2.87007130E+01	5.50392236E-01	1.09703154E-01	1.04234190E-01
2.88007120E+01	5.50350488E-01	1.09704111E-01	1.04235424E-01
2.89007110E+01	5.50301416E-01	1.09704991E-01	1.04236559E-01
2.90007100E+01	5.50269287E-01	1.09705795E-01	1.04237595E-01
2.91007090E+01	5.50218457E-01	1.09706523E-01	1.04238534E-01
2.92007080E+01	5.50184473E-01	1.09707177E-01	1.04239378E-01
2.93007070E+01	5.50143994E-01	1.09707759E-01	1.04240128E-01
2.94007060E+01	5.50093652E-01	1.09708269E-01	1.04240786E-01
2.95007050E+01	5.50050049E-01	1.09708709E-01	1.04241354E-01
2.96007040E+01	5.50010498E-01	1.09709080E-01	1.04241832E-01
2.97007030E+01	5.49974561E-01	1.09709383E-01	1.04242223E-01
2.98007020E+01	5.49942187E-01	1.09709619E-01	1.04242527E-01
2.99007010E+01	5.49887842E-01	1.09709789E-01	1.04242746E-01
3.00007000E+01	5.49846338E-01	1.09709894E-01	1.04242882E-01
3.01006990E+01	5.49805469E-01	1.09709936E-01	1.04242936E-01
3.02006980E+01	5.49772217E-01	1.09709915E-01	1.04242909E-01
3.03006970E+01	5.49738623E-01	1.09709833E-01	1.04242803E-01
3.04006960E+01	5.49686523E-01	1.09709690E-01	1.04242619E-01
3.05006950E+01	5.49643848E-01	1.09709488E-01	1.04242358E-01
3.06006940E+01	5.49604590E-01	1.09709227E-01	1.04242022E-01
3.07006930E+01	5.49572021E-01	1.09708909E-01	1.04241611E-01
3.08006920E+01	5.49538721E-01	1.09708534E-01	1.04241127E-01
3.09006910E+01	5.49487012E-01	1.09708103E-01	1.04240572E-01
3.10006900E+01	5.49446094E-01	1.09707618E-01	1.04239946E-01
3.11006890E+01	5.49406592E-01	1.09707079E-01	1.04239250E-01
3.12006880E+01	5.49374023E-01	1.09706487E-01	1.04238486E-01
3.13006870E+01	5.49342187E-01	1.09705843E-01	1.04237655E-01
3.14006860E+01	5.49292236E-01	1.09705148E-01	1.04236759E-01
3.15006850E+01	5.49250049E-01	1.09704403E-01	1.04235797E-01
3.16006840E+01	5.49212451E-01	1.09703608E-01	1.04234771E-01
3.17006830E+01	5.49178418E-01	1.09702765E-01	1.04233683E-01
3.18006820E+01	5.49146045E-01	1.09701874E-01	1.04232533E-01
3.19006810E+01	5.49098340E-01	1.09700936E-01	1.04231323E-01
3.20006800E+01	5.49069092E-01	1.09699952E-01	1.04230053E-01
3.21006790E+01	5.49022998E-01	1.09698923E-01	1.04228725E-01
3.22006780E+01	5.48988867E-01	1.09697849E-01	1.04227338E-01
3.23006770E+01	5.48952832E-01	1.09696731E-01	1.04225896E-01
3.24006760E+01	5.48909375E-01	1.09695570E-01	1.04224398E-01
3.25006750E+01	5.48875342E-01	1.09694367E-01	1.04222845E-01
3.26006740E+01	5.48837305E-01	1.09693122E-01	1.04221238E-01
3.27006730E+01	5.48801074E-01	1.09691836E-01	1.04219579E-01
3.28006720E+01	5.48771729E-01	1.09690511E-01	1.04217868E-01
3.29006710E+01	5.48742334E-01	1.09689145E-01	1.04216105E-01
3.30006700E+01	5.48692773E-01	1.09687741E-01	1.04214293E-01
3.31006690E+01	5.48652930E-01	1.09686299E-01	1.04212432E-01
3.32006680E+01	5.48618652E-01	1.09684820E-01	1.04210522E-01
3.33006670E+01	5.48587207E-01	1.09683303E-01	1.04208564E-01
3.34006660E+01	5.48552148E-01	1.09681751E-01	1.04206560E-01
3.35006650E+01	5.48510498E-01	1.09680163E-01	1.04204510E-01
3.36006640E+01	5.48477197E-01	1.09678540E-01	1.04202415E-01
3.37006630E+01	5.48442285E-01	1.09676883E-01	1.04200276E-01
3.38006620E+01	5.48406006E-01	1.09675192E-01	1.04198093E-01
3.39006610E+01	5.48375830E-01	1.09673468E-01	1.04195868E-01
3.40006600E+01	5.48346045E-01	1.09671712E-01	1.04193601E-01
3.41006590E+01	5.48300537E-01	1.09669924E-01	1.04191292E-01
3.42006580E+01	5.48271533E-01	1.09668105E-01	1.04188943E-01
3.43006570E+01	5.48234814E-01	1.09666254E-01	1.04186554E-01
3.44006560E+01	5.48199805E-01	1.09664374E-01	1.04184127E-01
3.45006550E+01	5.48172119E-01	1.09662464E-01	1.04181661E-01
3.46006540E+01	5.48142773E-01	1.09660525E-01	1.04179157E-01
3.47006530E+01	5.48096973E-01	1.09658557E-01	1.04176616E-01
3.48006520E+01	5.48069287E-01	1.09656561E-01	1.04174040E-01
3.49006510E+01	5.48028467E-01	1.09654538E-01	1.04171427E-01
3.50006500E+01	5.47998437E-01	1.09652488E-01	1.04168780E-01
3.51006490E+01	5.47971729E-01	1.09650411E-01	1.04166098E-01
3.52006480E+01	5.47942773E-01	1.09648308E-01	1.04163383E-01
3.53006470E+01	5.47897998E-01	1.09646180E-01	1.04160635E-01
3.54006460E+01	5.47871045E-01	1.09644027E-01	1.04157854E-01
3.55006450E+01	5.47834717E-01	1.09641849E-01	1.04155042E-01
3.56006440E+01	5.47801074E-01	1.09639647E-01	1.04152198E-01
3.57006430E+01	5.47774121E-01	1.09637421E-01	1.04149324E-01
3.58006420E+01	5.47744727E-01	1.09635172E-01	1.04146420E-01
3.59006410E+01	5.47702637E-01	1.09632900E-01	1.04143486E-01
3.60006400E+01	5.47674414E-01	1.09630606E-01	1.04140524E-01
3.61006390E+01	5.47642187E-01	1.09628290E-01	1.04137533E-01
3.62006380E+01	5.47609229E-01	1.09625952E-01	1.04134514E-01
3.63006370E+01	5.47584668E-01	1.09623594E-01	1.04131469E-01
3.64006360E+01	5.47551514E-01	1.09621215E-01	1.04128396E-01
3.65006350E+01	5.47513184E-01	1.09618815E-01	1.04125297E-01
3.66006340E+01	5.47486621E-01	1.09616396E-01	1.04122173E-01
3.67006330E+01	5.47452148E-01	1.09613957E-01	1.04119023E-01
3.68006320E+01	5.47422998E-01	1.09611500E-01	1.04115849E-01
3.69006310E+01	5.47396045E-01	1.09609023E-01	1.04112651E-01
3.70006300E+01	5.47371387E-01	1.09606528E-01	1.04109429E-01
3.71006290E+01	5.47343164E-01	1.09604016E-01	1.04106184E-01
3.72006280E+01	5.47300830E-01	1.09601486E-01	1.04102916E-01
3.73006270E+01	5.47274219E-01	1.09598938E-01	1.04099626E-01
3.74006260E+01	5.47242871E-01	1.09596374E-01	1.04096314E-01
3.75006250E+01	5.47212207E-01	1.09593793E-01	1.04092980E-01
3.76006240E+01	5.47187354E-01	1.09591196E-01	1.04089626E-01
3.77006230E+01	5.47157080E-01	1.09588584E-01	1.04086252E-01
3.78006220E+01	5.47138623E-01	1.09585955E-01	1.04082857E-01
3.79006210E+01	5.47096289E-01	1.09583312E-01	1.04079443E-01
3.80006200E+01	5.47071338E-01	1.09580654E-01	1.04076010E-01
3.81006190E+01	5.47037744E-01	1.09577981E-01	1.04072557E-01
3.82006180E+01	5.47009229E-01	1.09575295E-01	1.04069087E-01
3.83006170E+01	5.46985937E-01	1.09572594E-01	1.04065599E-01
3.84006160E+01	5.46955957E-01	1.09569880E-01	1.04062093E-01
3.85006150E+01	5.46938525E-01	1.09567152E-01	1.04058570E-01
3.86006140E+01	5.46896387E-01	1.09564412E-01	1.04055030E-01
3.87006130E+01	5.46871729E-01	1.09561659E-01	1.04051473E-01
3.88006120E+01	5.46842725E-01	1.09558893E-01	1.04047901E-01
3.89006110E+01	5.46811963E-01	1.09556116E-01	1.04044313E-01
3.90006100E+01	5.46788184E-01	1.09553326E-01	1.04040710E-01
3.91006090E+01	5.46769043E-01	1.09550525E-01	1.04037092E-01
3.92006080E+01	5.46742725E-01	1.09547713E-01	1.04033459E-01
3.93006070E+01	5.46701416E-01	1.09544890E-01	1.04029812E-01
3.94006060E+01	5.46676562E-01	1.09542056E-01	1.04026152E-01
3.95006050E+01	5.46648145E-01	1.09539212E-01	1.04022477E-01
3.96006040E+01	5.46621680E-01	1.09536357E-01	1.04018790E-01
3.97006030E+01	5.46597217E-01	1.09533493E-01	1.04015089E-01
3.98006020E+01	5.46574512E-01	1.09530619E-01	1.04011376E-01
3.99006010E+01	5.46549023E-01	1.09527735E-01	1.04007651E-01
4.00006000E+01	5.46513770E-01	1.09524842E-01	1.04003914E-01
4.01005990E+01	5.46492236E-01	1.09521940E-01	1.04000165E-01
4.02005980E+01	5.46469385E-01	1.09519030E-01	1.03996404E-01
4.03005970E+01	5.46437939E-01	1.09516111E-01	1.03992633E-01
4.04005960E+01	5.46411963E-01	1.09513183E-01	1.03988851E-01
4.05005950E+01	5.46392236E-01	1.09510248E-01	1.03985059E-01
4.06005940E+01	5.46371094E-01	1.09507304E-01	1.03981257E-01
4.07005930E+01	5.46344482E-01	1.09504353E-01	1.03977444E-01
4.08005920E+01	5.46309082E-01	1.09501395E-01	1.03973622E-01
4.09005910E+01	5.46287012E-01	1.09498430E-01	1.03969791E-01
4.10005900E+01	5.46269434E-01	1.09495457E-01	1.03965951E-01
4.11005890E+01	5.46236475E-01	1.09492478E-01	1.03962101E-01
4.12005880E+01	5.46210693E-01	1.09489492E-01	1.03958244E-01
4.13005870E+01	5.46189111E-01	1.09486500E-01	1.03954378E-01
4.14005860E+01	5.46171143E-01	1.09483501E-01	1.03950504E-01
4.15005850E+01	5.46146143E-01	1.09480497E-01	1.03946622E-01
4.16005840E+01	5.46110986E-01	1.09477487E-01	1.03942733E-01
4.17005830E+01	5.46089160E-01	1.09474471E-01	1.03938837E-01
4.18005820E+01	5.46069775E-01	1.09471450E-01	1.03934934E-01
4.19005810E+01	5.46042187E-01	1.09468424E-01	1.03931023E-01
4.20005800E+01	5.46017773E-01	1.09465392E-01	1.03927107E-01
4.21005790E+01	5.45996289E-01	1.09462356E-01	1.03923184E-01
4.22005780E+01	5.45975000E-01	1.09459315E-01	1.03919254E-01
4.23005770E+01	5.45951367E-01	1.09456269E-01	1.03915319E-01
4.24005760E+01	5.45938232E-01	1.09453219E-01	1.03911379E-01
4.25005750E+01	5.45899121E-01	1.09450165E-01	1.03907433E-01
4.26005740E+01	5.45877393E-01	1.09447107E-01	1.03903481E-01
4.27005730E+01	5.45852100E-01	1.09444045E-01	1.03899525E-01
4.28005720E+01	5.45834570E-01	1.09440979E-01	1.03895564E-01
4.29005710E+01	5.45808643E-01	1.09437910E-01	1.03891598E-01
4.30005700E+01	5.45788770E-01	1.09434837E-01	1.03887628E-01
4.31005690E+01	5.45771533E-01	1.09431761E-01	1.03883654E-01
4.32005680E+01	5.45747998E-01	1.09428682E-01	1.03879675E-01
4.33005670E+01	5.45742236E-01	1.09425601E-01	1.03875693E-01
4.34005660E+01	5.45696436E-01	1.09422516E-01	1.03871707E-01
4.35005650E+01	5.45675342E-01	1.09419428E-01	1.03867718E-01
4.36005640E+01	5.45650488E-01	1.09416339E-01	1.03863726E-01
4.37005630E+01	5.45628564E-01	1.09413246E-01	1.03859730E-01
4.38005620E+01	5.45608887E-01	1.09410152E-01	1.03855732E-01
4.39005610E+01	5.45592187E-01	1.09407055E-01	1.03851730E-01
4.40005600E+01	5.45572998E-01	1.09403957E-01	1.03847727E-01
4.41005590E+01	5.45549805E-01	1.09400857E-01	1.03843721E-01
4.42005580E+01	5.45538232E-01	1.09397755E-01	1.03839712E-01
4.43005570E+01	5.45500293E-01	1.09394651E-01	1.03835702E-01
4.44005560E+01	5.45484570E-01	1.09391546E-01	1.03831690E-01
4.45005550E+01	5.45457275E-01	1.09388439E-01	1.03827676E-01
4.46005540E+01	5.45438232E-01	1.09385332E-01	1.03823660E-01
4.47005530E+01	5.45418018E-01	1.09382223E-01	1.03819643E-01
4.48005520E+01	5.45398633E-01	1.09379114E-01	1.03815625E-01
4.49005510E+01	5.45384473E-01	1.09376003E-01	1.03811606E-01
4.50005500E+01	5.45369043E-01	1.09372892E-01	1.03807586E-01
4.51005490E+01	5.45344482E-01	1.09369780E-01	1.03803565E-01
4.52005480E+01	5.45313184E-01	1.09366668E-01	1.03799543E-01
4.53005470E+01	5.45296094E-01	1.09363555E-01	1.03795521E-01
4.54005460E+01	5.45276318E-01	1.09360442E-01	1.03791498E-01
4.55005450E+01	5.45253369E-01	1.09357329E-01	1.03787475E-01
4.56005440E+01	5.45236523E-01	1.09354216E-01	1.03783452E-01
4.57005430E+01	5.45217187E-01	1.09351103E-01	1.03779429E-01
4.58005420E+01	5.45198145E-01	1.09347990E-01	1.03775407E-01
4.59005410E+01	5.45184473E-01	1.09344877E-01	1.03771384E-01
4.60005400E+01	5.45169043E-01	1.09341764E-01	1.03767362E-01
4.61005390E+01	5.45146387E-01	1.09338652E-01	1.03763341E-01
4.62005380E+01	5.45139014E-01	1.09335541E-01	1.03759320E-01
4.63005370E+01	5.45099023E-01	1.09332430E-01	1.03755300E-01
4.64005360E+01	5.45084570E-01	1.09329319E-01	1.03751281E-01
4.65005350E+01	5.45068994E-01	1.09326210E-01	1.03747262E-01
4.66005340E+01	5.45043164E-01	1.09323101E-01	1.03743245E-01
4.67005330E+01	5.45023340E-01	1.09319994E-01	1.03739230E-01
4.68005320E+01	5.45005469E-01	1.09316887E-01	1.03735215E-01
4.69005310E+01	5.44992187E-01	1.09313782E-01	1.03731202E-01
4.70005300E+01	5.44974268E-01	1.09310678E-01	1.03727191E-01
4.71005290E+01	5.44954395E-01	1.09307575E-01	1.03723181E-01
4.72005280E+01	5.44942920E-01	1.09304474E-01	1.03719174E-01
4.73005270E+01	5.44911670E-01	1.09301374E-01	1.03715168E-01
4.74005260E+01	5.44896289E-01	1.09298275E-01	1.03711164E-01
4.75005250E+01	5.44878027E-01	1.09295179E-01	1.03707162E-01
4.76005240E+01	5.44858545E-01	1.09292084E-01	1.03703162E-01
4.77005230E+01	5.44842773E-01	1.09288990E-01	1.03699165E-01
4.78005220E+01	5.44823437E-01	1.09285899E-01	1.03695170E-01
4.79005210E+01	5.44806348E-01	1.09282809E-01	1.03691178E-01
4.80005200E+01	5.44792871E-01	1.09279722E-01	1.03687188E-01
4.81005190E+01	5.44776221E-01	1.09276637E-01	1.03683201E-01
4.82005180E+01	5.44758545E-01	1.09273553E-01	1.03679217E-01
4.83005170E+01	5.44746094E-01	1.09270472E-01	1.03675235E-01
4.84005160E+01	5.44738525E-01	1.09267394E-01	1.03671257E-01
4.85005150E+01	5.44701416E-01	1.09264317E-01	1.03667281E-01
4.86005140E+01	5.44687256E-01	1.09261243E-01	1.03663309E-01
4.87005130E+01	5.44672119E-01	1.09258172E-01	1.03659339E-01
4.88005120E+01	5.44650488E-01	1.09255103E-01	1.03655373E-01
4.89005110E+01	5.44636475E-01	1.09252037E-01	1.03651411E-01
4.90005100E+01	5.44618604E-01	1.09248973E-01	1.03647452E-01
4.91005090E+01	5.44602637E-01	1.09245912E-01	1.03643496E-01
4.92005080E+01	5.44588916E-01	1.09242854E-01	1.03639544E-01
4.93005070E+01	5.44574805E-01	1.09239799E-01	1.03635596E-01
4.94005060E+01	5.44556494E-01	1.09236746E-01	1.03631651E-01
4.95005050E+01	5.44546094E-01	1.09233697E-01	1.03627711E-01
4.96005040E+01	5.44538184E-01	1.09230650E-01	1.03623774E-01
4.97005030E+01	5.44503125E-01	1.09227607E-01	1.03619841E-01
4.98005020E+01	5.44489160E-01	1.09224567E-01	1.03615912E-01
4.99005010E+01	5.44474707E-01	1.09221530E-01	1.03611987E-01
5.00005000E+01	5.44455273E-01	1.09218496E-01	1.03608066E-01
5.01004990E+01	5.44442725E-01	1.09215465E-01	1.03604150E-01
5.02004980E+01	5.44424756E-01	1.09212438E-01	1.03600238E-01
5.03004970E+01	5.44410498E-01	1.09209414E-01	1.03596330E-01
5.04004960E+01	5.44396875E-01	1.09206394E-01	1.03592427E-01
5.05004950E+01	5.44385645E-01	1.09203377E-01	1.03588528E-01
5.06004940E+01	5.44371875E-01	1.09200363E-01	1.03584634E-01
5.07004930E+01	5.44353223E-01	1.09197353E-01	1.03580744E-01
5.08004920E+01	5.44343652E-01	1.09194347E-01	1.03576859E-01
5.09004910E+01	5.44338965E-01	1.09191344E-01	1.03572979E-01
5.10004900E+01	5.44302344E-01	1.09188345E-01	1.03569103E-01
5.11004890E+01	5.44289600E-01	1.09185350E-01	1.03565232E-01
5.12004880E+01	5.44275439E-01	1.09182359E-01	1.03561367E-01
5.13004870E+01	5.44257031E-01	1.09179371E-01	1.03557506E-01
5.14004860E+01	5.44244238E-01	1.09176387E-01	1.03553650E-01
5.15004850E+01	5.44228418E-01	1.09173407E-01	1.03549799E-01
5.16004840E+01	5.44217187E-01	1.09170432E-01	1.03545953E-01
5.17004830E+01	5.44201660E-01	1.09167460E-01	1.03542113E-01
5.18004820E+01	5.44192187E-01	1.09164492E-01	1.03538277E-01
5.19004810E+01	5.44177100E-01	1.09161528E-01	1.03534447E-01
5.20004800E+01	5.44169238E-01	1.09158568E-01	1.03530622E-01
5.21004790E+01	5.44149902E-01	1.09155612E-01	1.03526803E-01
5.22004780E+01	5.44142725E-01	1.09152661E-01	1.03522988E-01
5.23004770E+01	5.44113770E-01	1.09149714E-01	1.03519180E-01
5.24004760E+01	5.44101025E-01	1.09146771E-01	1.03515376E-01
5.25004750E+01	5.44088916E-01	1.09143832E-01	1.03511579E-01
5.26004740E+01	5.44075781E-01	1.09140897E-01	1.03507786E-01
5.27004730E+01	5.44069092E-01	1.09137967E-01	1.03504000E-01
5.28004720E+01	5.44046777E-01	1.09135041E-01	1.03500219E-01
5.29004710E+01	5.44035645E-01	1.09132120E-01	1.03496443E-01
5.30004700E+01	5.44021094E-01	1.09129203E-01	1.03492674E-01
5.31004690E+01	5.44006738E-01	1.09126290E-01	1.03488910E-01
5.32004680E+01	5.43996387E-01	1.09123382E-01	1.03485152E-01
5.33004670E+01	5.43985840E-01	1.09120479E-01	1.03481400E-01
5.34004660E+01	5.43973535E-01	1.09117580E-01	1.03477653E-01
5.35004650E+01	5.43958594E-01	1.09114685E-01	1.03473913E-01
5.36004640E+01	5.43948193E-01	1.09111795E-01	1.03470178E-01
5.37004630E+01	5.43942187E-01	1.09108910E-01	1.03466449E-01
5.38004620E+01	5.43912842E-01	1.09106029E-01	1.03462727E-01
5.39004610E+01	5.43901074E-01	1.09103153E-01	1.03459010E-01
5.40004600E+01	5.43892187E-01	1.09100282E-01	1.03455300E-01
5.41004590E+01	5.43877588E-01	1.09097415E-01	1.03451595E-01
5.42004580E+01	5.43869434E-01	1.09094553E-01	1.03447897E-01
5.43004570E+01	5.43850098E-01	1.09091696E-01	1.03444205E-01
5.44004560E+01	5.43838770E-01	1.09088844E-01	1.03440519E-01
5.45004550E+01	5.43825439E-01	1.09085997E-01	1.03436839E-01
5.46004540E+01	5.43813574E-01	1.09083154E-01	1.03433166E-01
5.47004530E+01	5.43802588E-01	1.09080316E-01	1.03429498E-01
5.48004520E+01	5.43793262E-01	1.09077483E-01	1.03425837E-01
5.49004510E+01	5.43784619E-01	1.09074655E-01	1.03422183E-01
5.50004500E+01	5.43772998E-01	1.09071832E-01	1.03418535E-01
5.51004490E+01	5.43756836E-01	1.09069014E-01	1.03414893E-01
5.52004480E+01	5.43748340E-01	1.09066200E-01	1.03411257E-01
5.53004470E+01	5.43742285E-01	1.09063392E-01	1.03407628E-01
5.54004460E+01	5.43717285E-01	1.09060589E-01	1.03404005E-01
5.55004450E+01	5.43704541E-01	1.09057790E-01	1.03400389E-01
5.56004440E+01	5.43694385E-01	1.09054997E-01	1.03396780E-01
5.57004430E+01	5.43685645E-01	1.09052209E-01	1.03393176E-01
5.58004420E+01	5.43673486E-01	1.09049425E-01	1.03389580E-01
5.59004410E+01	5.43658594E-01	1.09046647E-01	1.03385990E-01
5.60004400E+01	5.43647168E-01	1.09043874E-01	1.03382406E-01
5.61004390E+01	5.43637012E-01	1.09041106E-01	1.03378829E-01
5.62004380E+01	5.43624463E-01	1.09038343E-01	1.03375259E-01
5.63004370E+01	5.43613184E-01	1.09035585E-01	1.03371695E-01
5.64004360E+01	5.43603076E-01	1.09032833E-01	1.03368138E-01
5.65004350E+01	5.43594238E-01	1.09030085E-01	1.03364588E-01
5.66004340E+01	5.43585937E-01	1.09027343E-01	1.03361044E-01
5.67004330E+01	5.43574854E-01	1.09024606E-01	1.03357507E-01
5.68004320E+01	5.43569238E-01	1.09021874E-01	1.03353977E-01
5.69004310E+01	5.43552295E-01	1.09019147E-01	1.03350453E-01
5.70004300E+01	5.43546045E-01	1.09016426E-01	1.03346936E-01
5.71004290E+01	5.43538965E-01	1.09013709E-01	1.03343426E-01
5.72004280E+01	5.43512939E-01	1.09010998E-01	1.03339923E-01
5.73004270E+01	5.43502979E-01	1.09008293E-01	1.03336427E-01
5.74004260E+01	5.43494141E-01	1.09005592E-01	1.03332937E-01
5.75004250E+01	5.43485889E-01	1.09002897E-01	1.03329454E-01
5.76004240E+01	5.43474658E-01	1.09000207E-01	1.03325978E-01
5.77004230E+01	5.43469043E-01	1.08997522E-01	1.03322509E-01
5.78004220E+01	5.43450342E-01	1.08994843E-01	1.03319047E-01
5.79004210E+01	5.43442725E-01	1.08992169E-01	1.03315592E-01
5.80004200E+01	5.43434473E-01	1.08989500E-01	1.03312143E-01
5.81004190E+01	5.43421338E-01	1.08986837E-01	1.03308702E-01
5.82004180E+01	5.43410791E-01	1.08984179E-01	1.03305267E-01
5.83004170E+01	5.43401416E-01	1.08981526E-01	1.03301839E-01
5.84004160E+01	5.43393652E-01	1.08978879E-01	1.03298418E-01
5.85004150E+01	5.43385986E-01	1.08976237E-01	1.03295004E-01
5.86004140E+01	5.43375635E-01	1.08973600E-01	1.03291597E-01
5.87004130E+01	5.43371045E-01	1.08970969E-01	1.03288197E-01
5.88004120E+01	5.43355225E-01	1.08968343E-01	1.03284804E-01
5.89004110E+01	5.43348291E-01	1.08965723E-01	1.03281418E-01
5.90004100E+01	5.43342871E-01	1.08963108E-01	1.03278039E-01
5.91004090E+01	5.43338184E-01	1.08960498E-01	1.03274667E-01
5.92004080E+01	5.43310645E-01	1.08957894E-01	1.03271302E-01
5.93004070E+01	5.43301367E-01	1.08955295E-01	1.03267944E-01
5.94004060E+01	5.43293701E-01	1.08952702E-01	1.03264593E-01
5.95004050E+01	5.43285986E-01	1.08950114E-01	1.03261248E-01
5.96004040E+01	5.43275537E-01	1.08947531E-01	1.03257911E-01
5.97004030E+01	5.43271094E-01	1.08944954E-01	1.03254581E-01
5.98004020E+01	5.43254395E-01	1.08942382E-01	1.03251258E-01
5.99004010E+01	5.43246338E-01	1.08939816E-01	1.03247942E-01
6.00004000E+01	5.43237305E-01	1.08937255E-01	1.03244633E-01
6.01003990E+01	5.43226465E-01	1.08934700E-01	1.03241332E-01
6.02003980E+01	5.43218652E-01	1.08932150E-01	1.03238037E-01
6.03003970E+01	5.43209619E-01	1.08929606E-01	1.03234749E-01
6.04003960E+01	5.43201367E-01	1.08927067E-01	1.03231468E-01
6.05003950E+01	5.43194336E-01	1.08924533E-01	1.03228195E-01
6.06003940E+01	5.43187207E-01	1.08922005E-01	1.03224928E-01
6.07003930E+01	5.43177930E-01	1.08919482E-01	1.03221668E-01
6.08003920E+01	5.43172998E-01	1.08916965E-01	1.03218416E-01
6.09003910E+01	5.43168994E-01	1.08914454E-01	1.03215171E-01
6.10003900E+01	5.43152588E-01	1.08911947E-01	1.03211932E-01
6.11003890E+01	5.43146826E-01	1.08909447E-01	1.03208701E-01
6.12003880E+01	5.43142725E-01	1.08906951E-01	1.03205477E-01
6.13003870E+01	5.43138184E-01	1.08904462E-01	1.03202260E-01
6.14003860E+01	5.43111523E-01	1.08901977E-01	1.03199050E-01
6.15003850E+01	5.43103271E-01	1.08899498E-01	1.03195847E-01
6.16003840E+01	5.43096680E-01	1.08897025E-01	1.03192651E-01
6.17003830E+01	5.43088770E-01	1.08894557E-01	1.03189462E-01
6.18003820E+01	5.43084473E-01	1.08892095E-01	1.03186281E-01
6.19003810E+01	5.43073975E-01	1.08889638E-01	1.03183106E-01
6.20003800E+01	5.43069238E-01	1.08887186E-01	1.03179939E-01
6.21003790E+01	5.43053125E-01	1.08884741E-01	1.03176778E-01
6.22003780E+01	5.43046582E-01	1.08882300E-01	1.03173625E-01
6.23003770E+01	5.43038525E-01	1.08879865E-01	1.03170479E-01
6.24003760E+01	5.43034570E-01	1.08877435E-01	1.03167340E-01
6.25003750E+01	5.43022168E-01	1.08875011E-01	1.03164208E-01
6.26003740E+01	5.43013916E-01	1.08872593E-01	1.03161083E-01
6.27003730E+01	5.43006689E-01	1.08870180E-01	1.03157965E-01
6.28003720E+01	5.43000000E-01	1.08867772E-01	1.03154854E-01
6.29003710E+01	5.42993945E-01	1.08865370E-01	1.03151750E-01
6.30003700E+01	5.42987402E-01	1.08862973E-01	1.03148653E-01
6.31003690E+01	5.42984570E-01	1.08860582E-01	1.03145564E-01
6.32003680E+01	5.42974072E-01	1.08858196E-01	1.03142481E-01
6.33003670E+01	5.42971094E-01	1.08855816E-01	1.03139406E-01
6.34003660E+01	5.42956201E-01	1.08853441E-01	1.03136337E-01
6.35003650E+01	5.42950537E-01	1.08851072E-01	1.03133276E-01
6.36003640E+01	5.42946338E-01	1.08848708E-01	1.03130222E-01
6.37003630E+01	5.42942725E-01	1.08846349E-01	1.03127174E-01
6.38003620E+01	5.42938232E-01	1.08843996E-01	1.03124134E-01
6.39003610E+01	5.42913037E-01	1.08841649E-01	1.03121101E-01
6.40003600E+01	5.42906104E-01	1.08839306E-01	1.03118075E-01
6.41003590E+01	5.42899756E-01	1.08836970E-01	1.03115056E-01
6.42003580E+01	5.42893799E-01	1.08834638E-01	1.03112044E-01
6.43003570E+01	5.42887402E-01	1.08832313E-01	1.03109039E-01
6.44003560E+01	5.42884570E-01	1.08829992E-01	1.03106041E-01
6.45003550E+01	5.42874072E-01	1.08827677E-01	1.03103050E-01
6.46003540E+01	5.42871338E-01	1.08825368E-01	1.03100066E-01
6.47003530E+01	5.42855713E-01	1.08823063E-01	1.03097089E-01
6.48003520E+01	5.42849463E-01	1.08820765E-01	1.03094119E-01
6.49003510E+01	5.42843555E-01	1.08818471E-01	1.03091156E-01
6.50003500E+01	5.42837061E-01	1.08816184E-01	1.03088200E-01
6.51003490E+01	5.42828174E-01	1.08813901E-01	1.03085251E-01
6.52003480E+01	5.42822314E-01	1.08811624E-01	1.03082309E-01
6.53003470E+01	5.42817236E-01	1.08809352E-01	1.03079374E-01
6.54003460E+01	5.42809326E-01	1.08807086E-01	1.03076446E-01
6.55003450E+01	5.42802930E-01	1.08804825E-01	1.03073525E-01
6.56003440E+01	5.42797998E-01	1.08802569E-01	1.03070611E-01
6.57003430E+01	5.42792920E-01	1.08800319E-01	1.03067704E-01
6.58003420E+01	5.42787012E-01	1.08798074E-01	1.03064804E-01
6.59003410E+01	5.42784473E-01	1.08795835E-01	1.03061910E-01
6.60003400E+01	5.42774854E-01	1.08793601E-01	1.03059024E-01
6.61003390E+01	5.42771533E-01	1.08791372E-01	1.03056145E-01
6.62003380E+01	5.42768994E-01	1.08789149E-01	1.03053272E-01
6.63003370E+01	5.42754395E-01	1.08786931E-01	1.03050407E-01
6.64003360E+01	5.42749658E-01	1.08784718E-01	1.03047548E-01
6.65003350E+01	5.42746289E-01	1.08782511E-01	1.03044696E-01
6.66003340E+01	5.42742773E-01	1.08780309E-01	1.03041851E-01
6.67003330E+01	5.42738623E-01	1.08778112E-01	1.03039013E-01
6.68003320E+01	5.42739600E-01	1.08775920E-01	1.03036182E-01
6.69003310E+01	5.42710645E-01	1.08773734E-01	1.03033358E-01
6.70003300E+01	5.42704541E-01	1.08771554E-01	1.03030541E-01
6.71003290E+01	5.42699170E-01	1.08769378E-01	1.03027730E-01
6.72003280E+01	5.42694043E-01	1.08767208E-01	1.03024926E-01
6.73003270E+01	5.42688525E-01	1.08765043E-01	1.03022129E-01
6.74003260E+01	5.42685498E-01	1.08762883E-01	1.03019339E-01
6.75003250E+01	5.42676514E-01	1.08760729E-01	1.03016556E-01
6.76003240E+01	5.42672998E-01	1.08758580E-01	1.03013780E-01
6.77003230E+01	5.42669336E-01	1.08756436E-01	1.03011010E-01
6.78003220E+01	5.42655957E-01	1.08754297E-01	1.03008247E-01
6.79003210E+01	5.42650488E-01	1.08752164E-01	1.03005491E-01
6.80003200E+01	5.42646338E-01	1.08750036E-01	1.03002742E-01
6.81003190E+01	5.42642187E-01	1.08747913E-01	1.03000000E-01
6.82003180E+01	5.42635840E-01	1.08745796E-01	1.02997264E-01
6.83003170E+01	5.42627588E-01	1.08743683E-01	1.02994535E-01
6.84003160E+01	5.42622998E-01	1.08741576E-01	1.02991813E-01
6.85003150E+01	5.42617969E-01	1.08739474E-01	1.02989097E-01
6.86003140E+01	5.42611670E-01	1.08737377E-01	1.02986389E-01
6.87003130E+01	5.42606299E-01	1.08735286E-01	1.02983687E-01
6.88003120E+01	5.42601465E-01	1.08733199E-01	1.02980991E-01
6.89003110E+01	5.42597217E-01	1.08731118E-01	1.02978303E-01
6.90003100E+01	5.42593262E-01	1.08729042E-01	1.02975621E-01
6.91003090E+01	5.42588037E-01	1.08726971E-01	1.02972945E-01
6.92003080E+01	5.42585498E-01	1.08724905E-01	1.02970277E-01
6.93003070E+01	5.42577686E-01	1.08722845E-01	1.02967615E-01
6.94003060E+01	5.42574219E-01	1.08720789E-01	1.02964960E-01
6.95003050E+01	5.42571533E-01	1.08718739E-01	1.02962311E-01
6.96003040E+01	5.42569092E-01	1.08716694E-01	1.02959669E-01
6.97003030E+01	5.42556055E-01	1.08714653E-01	1.02957033E-01
6.98003020E+01	5.42552148E-01	1.08712618E-01	1.02954405E-01
6.99003010E+01	5.42548584E-01	1.08710589E-01	1.02951782E-01
7.00003000E+01	5.42546094E-01	1.08708564E-01	1.02949167E-01
7.01002990E+01	5.42542920E-01	1.08706544E-01	1.02946558E-01
7.02002980E+01	5.42539160E-01	1.08704530E-01	1.02943955E-01
7.03002970E+01	5.42538135E-01	1.08702520E-01	1.02941359E-01
7.04002960E+01	5.42514111E-01	1.08700515E-01	1.02938770E-01
7.05002950E+01	5.42509668E-01	1.08698516E-01	1.02936187E-01
7.06002940E+01	5.42505225E-01	1.08696522E-01	1.02933611E-01
7.07002930E+01	5.42500488E-01	1.08694532E-01	1.02931041E-01
7.08002920E+01	5.42496729E-01	1.08692548E-01	1.02928478E-01
7.09002910E+01	5.42492969E-01	1.08690569E-01	1.02925921E-01
7.10002900E+01	5.42487939E-01	1.08688594E-01	1.02923371E-01
7.11002890E+01	5.42485645E-01	1.08686625E-01	1.02920827E-01
7.12002880E+01	5.42477930E-01	1.08684661E-01	1.02918290E-01
7.13002870E+01	5.42474512E-01	1.08682702E-01	1.02915759E-01
7.14002860E+01	5.42471680E-01	1.08680747E-01	1.02913234E-01
7.15002850E+01	5.42469238E-01	1.08678798E-01	1.02910716E-01
7.16002840E+01	5.42456299E-01	1.08676854E-01	1.02908205E-01
7.17002830E+01	5.42452148E-01	1.08674914E-01	1.02905700E-01
7.18002820E+01	5.42448340E-01	1.08672980E-01	1.02903201E-01
7.19002810E+01	5.42444189E-01	1.08671050E-01	1.02900708E-01
7.20002800E+01	5.42442334E-01	1.08669126E-01	1.02898222E-01
7.21002790E+01	5.42436523E-01	1.08667206E-01	1.02895743E-01
7.22002780E+01	5.42434473E-01	1.08665291E-01	1.02893269E-01
7.23002770E+01	5.42425293E-01	1.08663381E-01	1.02890802E-01
7.24002760E+01	5.42421729E-01	1.08661476E-01	1.02888342E-01
7.25002750E+01	5.42417969E-01	1.08659576E-01	1.02885887E-01
7.26002740E+01	5.42412646E-01	1.08657681E-01	1.02883439E-01
7.27002730E+01	5.42409131E-01	1.08655791E-01	1.02880998E-01
7.28002720E+01	5.42404785E-01	1.08653905E-01	1.02878562E-01
7.29002710E+01	5.42401074E-01	1.08652025E-01	1.02876133E-01
7.30002700E+01	5.42398145E-01	1.08650149E-01	1.02873710E-01
7.31002690E+01	5.42394336E-01	1.08648278E-01	1.02871294E-01
7.32002680E+01	5.42392236E-01	1.08646412E-01	1.02868883E-01
7.33002670E+01	5.42387402E-01	1.08644551E-01	1.02866479E-01
7.34002660E+01	5.42385596E-01	1.08642694E-01	1.02864081E-01
7.35002650E+01	5.42379248E-01	1.08640843E-01	1.02861690E-01
7.36002640E+01	5.42375732E-01	1.08638996E-01	1.02859304E-01
7.37002630E+01	5.42373389E-01	1.08637154E-01	1.02856925E-01
7.38002620E+01	5.42371436E-01	1.08635316E-01	1.02854551E-01
7.39002610E+01	5.42369336E-01	1.08633484E-01	1.02852184E-01
7.40002600E+01	5.42371045E-01	1.08631656E-01	1.02849824E-01
7.41002590E+01	5.42354785E-01	1.08629833E-01	1.02847469E-01
7.42002580E+01	5.42351660E-01	1.08628015E-01	1.02845120E-01
7.43002570E+01	5.42349170E-01	1.08626201E-01	1.02842778E-01
7.44002560E+01	5.42346777E-01	1.08624392E-01	1.02840441E-01
7.45002550E+01	5.42344189E-01	1.08622588E-01	1.02838111E-01
7.46002540E+01	5.42342822E-01	1.08620788E-01	1.02835787E-01
7.47002530E+01	5.42342285E-01	1.08618994E-01	1.02833469E-01
7.48002520E+01	5.42338477E-01	1.08617204E-01	1.02831157E-01
7.49002510E+01	5.42338477E-01	1.08615418E-01	1.02828851E-01
7.50002500E+01	5.42313770E-01	1.08613637E-01	1.02826551E-01
7.51002490E+01	5.42310693E-01	1.08611861E-01	1.02824257E-01
7.52002480E+01	5.42306689E-01	1.08610090E-01	1.02821969E-01
7.53002470E+01	5.42303271E-01	1.08608323E-01	1.02819687E-01
7.54002460E+01	5.42300195E-01	1.08606561E-01	1.02817411E-01
7.55002450E+01	5.42298145E-01	1.08604803E-01	1.02815141E-01
7.56002440E+01	5.42294238E-01	1.08603050E-01	1.02812876E-01
7.57002430E+01	5.42292334E-01	1.08601302E-01	1.02810618E-01
7.58002420E+01	5.42287842E-01	1.08599558E-01	1.02808366E-01
7.59002410E+01	5.42285889E-01	1.08597819E-01	1.02806120E-01
7.60002400E+01	5.42284473E-01	1.08596084E-01	1.02803880E-01
7.61002390E+01	5.42277197E-01	1.08594354E-01	1.02801645E-01
7.62002380E+01	5.42274707E-01	1.08592629E-01	1.02799417E-01
7.63002370E+01	5.42272998E-01	1.08590908E-01	1.02797194E-01
7.64002360E+01	5.42271094E-01	1.08589191E-01	1.02794977E-01
7.65002350E+01	5.42269043E-01	1.08587480E-01	1.02792766E-01
7.66002340E+01	5.42256982E-01	1.08585772E-01	1.02790561E-01
7.67002330E+01	5.42254297E-01	1.08584069E-01	1.02788362E-01
7.68002320E+01	5.42250977E-01	1.08582371E-01	1.02786168E-01
7.69002310E+01	5.42248340E-01	1.08580677E-01	1.02783980E-01
7.70002300E+01	5.42246094E-01	1.08578988E-01	1.02781799E-01
7.71002290E+01	5.42243213E-01	1.08577303E-01	1.02779622E-01
7.72002280E+01	5.42238965E-01	1.08575622E-01	1.02777452E-01
7.73002270E+01	5.42236963E-01	1.08573946E-01	1.02775287E-01
7.74002260E+01	5.42235498E-01	1.08572275E-01	1.02773129E-01
7.75002250E+01	5.42228271E-01	1.08570607E-01	1.02770976E-01
7.76002240E+01	5.42225488E-01	1.08568945E-01	1.02768828E-01
7.77002230E+01	5.42223145E-01	1.08567286E-01	1.02766686E-01
7.78002220E+01	5.42221045E-01	1.08565633E-01	1.02764550E-01
7.79002210E+01	5.42217871E-01	1.08563983E-01	1.02762420E-01
7.80002200E+01	5.42213574E-01	1.08562338E-01	1.02760296E-01
7.81002190E+01	5.42211035E-01	1.08560697E-01	1.02758177E-01
7.82002180E+01	5.42208838E-01	1.08559061E-01	1.02756063E-01
7.83002170E+01	5.42205420E-01	1.08557429E-01	1.02753956E-01
7.84002160E+01	5.42202832E-01	1.08555801E-01	1.02751853E-01
7.85002150E+01	5.42200244E-01	1.08554178E-01	1.02749757E-01
7.86002140E+01	5.42198242E-01	1.08552559E-01	1.02747666E-01
7.87002130E+01	5.42196338E-01	1.08550944E-01	1.02745581E-01
7.88002120E+01	5.42193604E-01	1.08549334E-01	1.02743501E-01
7.89002110E+01	5.42192285E-01	1.08547728E-01	1.02741427E-01
7.90002100E+01	5.42188330E-01	1.08546126E-01	1.02739358E-01
7.91002090E+01	5.42186719E-01	1.08544528E-01	1.02737295E-01
7.92002080E+01	5.42185596E-01	1.08542935E-01	1.02735238E-01
7.93002070E+01	5.42184473E-01	1.08541346E-01	1.02733186E-01
7.94002060E+01	5.42177686E-01	1.08539761E-01	1.02731139E-01
7.95002050E+01	5.42175732E-01	1.08538181E-01	1.02729098E-01
7.96002040E+01	5.42174170E-01	1.08536605E-01	1.02727063E-01
7.97002030E+01	5.42172998E-01	1.08535033E-01	1.02725033E-01
7.98002020E+01	5.42171436E-01	1.08533465E-01	1.02723008E-01
7.99002010E+01	5.42171094E-01	1.08531901E-01	1.02720989E-01
8.00002000E+01	5.42169043E-01	1.08530342E-01	1.02718975E-01
8.01001990E+01	5.42169775E-01	1.08528787E-01	1.02716967E-01
8.02001980E+01	5.42155957E-01	1.08527236E-01	1.02714964E-01
8.03001970E+01	5.42154248E-01	1.08525689E-01	1.02712966E-01
8.04001960E+01	5.42152100E-01	1.08524146E-01	1.02710974E-01
8.05001950E+01	5.42150098E-01	1.08522608E-01	1.02708987E-01
8.06001940E+01	5.42148584E-01	1.08521074E-01	1.02707006E-01
8.07001930E+01	5.42147021E-01	1.08519543E-01	1.02705030E-01
8.08001920E+01	5.42146094E-01	1.08518017E-01	1.02703059E-01
8.09001910E+01	5.42143945E-01	1.08516495E-01	1.02701094E-01
8.10001900E+01	5.42143018E-01	1.08514977E-01	1.02699133E-01
8.11001890E+01	5.42142285E-01	1.08513464E-01	1.02697179E-01
8.12001880E+01	5.42142725E-01	1.08511954E-01	1.02695229E-01
8.13001870E+01	5.42138770E-01	1.08510448E-01	1.02693285E-01
8.14001860E+01	5.42138184E-01	1.08508947E-01	1.02691346E-01
8.15001850E+01	5.42138281E-01	1.08507449E-01	1.02689412E-01
8.16001840E+01	5.42117236E-01	1.08505956E-01	1.02687484E-01
8.17001830E+01	5.42113086E-01	1.08504466E-01	1.02685560E-01
8.18001820E+01	5.42111475E-01	1.08502981E-01	1.02683642E-01
8.19001810E+01	5.42109180E-01	1.08501500E-01	1.02681729E-01
8.20001800E+01	5.42106543E-01	1.08500022E-01	1.02679822E-01
8.21001790E+01	5.42104639E-01	1.08498549E-01	1.02677919E-01
8.22001780E+01	5.42102588E-01	1.08497080E-01	1.02676022E-01
8.23001770E+01	5.42100586E-01	1.08495614E-01	1.02674130E-01
8.24001760E+01	5.42099023E-01	1.08494153E-01	1.02672242E-01
8.25001750E+01	5.42097119E-01	1.08492696E-01	1.02670361E-01
8.26001740E+01	5.42096094E-01	1.08491242E-01	1.02668484E-01
8.27001730E+01	5.42093652E-01	1.08489793E-01	1.02666612E-01
8.28001720E+01	5.42092725E-01	1.08488347E-01	1.02664745E-01
8.29001710E+01	5.42089160E-01	1.08486905E-01	1.02662884E-01
8.30001700E+01	5.42087744E-01	1.08485468E-01	1.02661027E-01
8.31001690E+01	5.42086621E-01	1.08484034E-01	1.02659176E-01
8.32001680E+01	5.42085645E-01	1.08482604E-01	1.02657330E-01
8.33001670E+01	5.42084570E-01	1.08481178E-01	1.02655488E-01
8.34001660E+01	5.42079248E-01	1.08479756E-01	1.02653652E-01
8.35001650E+01	5.42077246E-01	1.08478338E-01	1.02651821E-01
8.36001640E+01	5.42075635E-01	1.08476923E-01	1.02649995E-01
8.37001630E+01	5.42074463E-01	1.08475513E-01	1.02648173E-01
8.38001620E+01	5.42073242E-01	1.08474106E-01	1.02646357E-01
8.39001610E+01	5.42071924E-01	1.08472703E-01	1.02644546E-01
8.40001600E+01	5.42071338E-01	1.08471304E-01	1.02642739E-01
8.41001590E+01	5.42069727E-01	1.08469909E-01	1.02640938E-01
8.42001580E+01	5.42069092E-01	1.08468518E-01	1.02639141E-01
8.43001570E+01	5.42069189E-01	1.08467130E-01	1.02637350E-01
8.44001560E+01	5.42056738E-01	1.08465747E-01	1.02635563E-01
8.45001550E+01	5.42055273E-01	1.08464367E-01	1.02633781E-01
8.46001540E+01	5.42053320E-01	1.08462991E-01	1.02632004E-01
8.47001530E+01	5.42051611E-01	1.08461618E-01	1.02630232E-01
8.48001520E+01	5.42050098E-01	1.08460250E-01	1.02628465E-01
8.49001510E+01	5.42048975E-01	1.08458885E-01	1.02626703E-01
8.50001500E+01	5.42047217E-01	1.08457524E-01	1.02624945E-01
8.51001490E+01	5.42046338E-01	1.08456166E-01	1.02623192E-01
8.52001480E+01	5.42044092E-01	1.08454812E-01	1.02621445E-01
8.53001470E+01	5.42043213E-01	1.08453462E-01	1.02619702E-01
8.54001460E+01	5.42042285E-01	1.08452116E-01	1.02617963E-01
8.55001450E+01	5.42038916E-01	1.08450774E-01	1.02616230E-01
8.56001440E+01	5.42037695E-01	1.08449435E-01	1.02614501E-01
8.57001430E+01	5.42036670E-01	1.08448100E-01	1.02612777E-01
8.58001420E+01	5.42035742E-01	1.08446768E-01	1.02611058E-01
8.59001410E+01	5.42034717E-01	1.08445440E-01	1.02609343E-01
8.60001400E+01	5.42034473E-01	1.08444116E-01	1.02607634E-01
8.61001390E+01	5.42027930E-01	1.08442795E-01	1.02605929E-01
8.62001380E+01	5.42026465E-01	1.08441478E-01	1.02604228E-01
8.63001370E+01	5.42025098E-01	1.08440165E-01	1.02602533E-01
8.64001360E+01	5.42024023E-01	1.08438855E-01	1.02600842E-01
8.65001350E+01	5.42022998E-01	1.08437549E-01	1.02599155E-01
8.66001340E+01	5.42021533E-01	1.08436247E-01	1.02597474E-01
8.67001330E+01	5.42019580E-01	1.08434948E-01	1.02595797E-01
8.68001320E+01	5.42018555E-01	1.08433653E-01	1.02594124E-01
8.69001310E+01	5.42017773E-01	1.08432361E-01	1.02592457E-01
8.70001300E+01	5.42017187E-01	1.08431073E-01	1.02590793E-01
8.71001290E+01	5.42013477E-01	1.08429788E-01	1.02589135E-01
8.72001280E+01	5.42012207E-01	1.08428507E-01	1.02587481E-01
8.73001270E+01	5.42010986E-01	1.08427230E-01	1.02585831E-01
8.74001260E+01	5.42009668E-01	1.08425956E-01	1.02584187E-01
8.75001250E+01	5.42008838E-01	1.08424685E-01	1.02582546E-01
8.76001240E+01	5.42006836E-01	1.08423418E-01	1.02580911E-01
8.77001230E+01	5.42005762E-01	1.08422155E-01	1.02579279E-01
8.78001220E+01	5.42004590E-01	1.08420895E-01	1.02577653E-01
8.79001210E+01	5.42003174E-01	1.08419639E-01	1.02576031E-01
8.80001200E+01	5.42002197E-01	1.08418386E-01	1.02574413E-01
8.81001190E+01	5.42001025E-01	1.08417136E-01	1.02572800E-01
8.82001180E+01	5.41999951E-01	1.08415890E-01	1.02571191E-01
8.83001170E+01	5.41999072E-01	1.08414648E-01	1.02569587E-01
8.84001160E+01	5.41998242E-01	1.08413408E-01	1.02567987E-01
8.85001150E+01	5.41997070E-01	1.08412173E-01	1.02566392E-01
8.86001140E+01	5.41996387E-01	1.08410940E-01	1.02564801E-01
8.87001130E+01	5.41996045E-01	1.08409712E-01	1.02563214E-01
8.88001120E+01	5.41993994E-01	1.08408486E-01	1.02561632E-01
8.89001110E+01	5.41993311E-01	1.08407264E-01	1.02560055E-01
8.90001100E+01	5.41992822E-01	1.08406046E-01	1.02558481E-01
8.91001090E+01	5.41992236E-01	1.08404830E-01	1.02556913E-01
8.92001080E+01	5.41992725E-01	1.08403619E-01	1.02555348E-01
8.93001070E+01	5.41988623E-01	1.08402410E-01	1.02553788E-01
8.94001060E+01	5.41987793E-01	1.08401205E-01	1.02552232E-01
8.95001050E+01	5.41987207E-01	1.08400003E-01	1.02550681E-01
8.96001040E+01	5.41986621E-01	1.08398805E-01	1.02549133E-01
8.97001030E+01	5.41985986E-01	1.08397610E-01	1.02547591E-01
8.98001020E+01	5.41985645E-01	1.08396418E-01	1.02546052E-01
8.99001010E+01	5.41985498E-01	1.08395230E-01	1.02544518E-01
9.00001000E+01	5.41984570E-01	1.08394044E-01	1.02542988E-01
9.01000990E+01	5.41984473E-01	1.08392863E-01	1.02541462E-01
9.02000980E+01	5.41979248E-01	1.08391684E-01	1.02539941E-01
9.03000970E+01	5.41978027E-01	1.08390509E-01	1.02538424E-01
9.04000960E+01	5.41977295E-01	1.08389337E-01	1.02536911E-01
9.05000950E+01	5.41976514E-01	1.08388168E-01	1.02535402E-01
9.06000940E+01	5.41975830E-01	1.08387003E-01	1.02533897E-01
9.07000930E+01	5.41975195E-01	1.08385841E-01	1.02532397E-01
9.08000920E+01	5.41974707E-01	1.08384682E-01	1.02530901E-01
9.09000910E+01	5.41974121E-01	1.08383526E-01	1.02529409E-01
9.10000900E+01	5.41973535E-01	1.08382374E-01	1.02527922E-01
9.11000890E+01	5.41973193E-01	1.08381225E-01	1.02526438E-01
9.12000880E+01	5.41972998E-01	1.08380079E-01	1.02524959E-01
9.13000870E+01	5.41971973E-01	1.08378936E-01	1.02523483E-01
9.14000860E+01	5.41971680E-01	1.08377796E-01	1.02522012E-01
9.15000850E+01	5.41971387E-01	1.08376660E-01	1.02520545E-01
9.16000840E+01	5.41971143E-01	1.08375527E-01	1.02519082E-01
9.17000830E+01	5.41971045E-01	1.08374397E-01	1.02517624E-01
9.18000820E+01	5.41969580E-01	1.08373270E-01	1.02516169E-01
9.19000810E+01	5.41969336E-01	1.08372146E-01	1.02514718E-01
9.20000800E+01	5.41969189E-01	1.08371026E-01	1.02513272E-01
9.21000790E+01	5.41969043E-01	1.08369909E-01	1.02511829E-01
9.22000780E+01	5.41968994E-01	1.08368794E-01	1.02510391E-01
9.23000770E+01	5.41969189E-01	1.08367683E-01	1.02508957E-01
9.24000760E+01	5.41971094E-01	1.08366575E-01	1.02507526E-01
9.25000750E+01	5.41958838E-01	1.08365470E-01	1.02506100E-01
9.26000740E+01	5.41956543E-01	1.08364369E-01	1.02504678E-01
9.27000730E+01	5.41956055E-01	1.08363270E-01	1.02503260E-01
9.28000720E+01	5.41955469E-01	1.08362174E-01	1.02501845E-01
9.29000710E+01	5.41954883E-01	1.08361082E-01	1.02500435E-01
9.30000700E+01	5.41954443E-01	1.08359992E-01	1.02499029E-01
9.31000690E+01	5.41954346E-01	1.08358906E-01	1.02497626E-01
9.32000680E+01	5.41953027E-01	1.08357823E-01	1.02496228E-01
9.33000670E+01	5.41952588E-01	1.08356742E-01	1.02494834E-01
9.34000660E+01	5.41952148E-01	1.08355665E-01	1.02493443E-01
9.35000650E+01	5.41951465E-01	1.08354591E-01	1.02492056E-01
9.36000640E+01	5.41951074E-01	1.08353520E-01	1.02490674E-01
9.37000630E+01	5.41950537E-01	1.08352452E-01	1.02489295E-01
9.38000620E+01	5.41950098E-01	1.08351387E-01	1.02487920E-01
9.39000610E+01	5.41949756E-01	1.08350325E-01	1.02486549E-01
9.40000600E+01	5.41949463E-01	1.08349266E-01	1.02485182E-01
9.41000590E+01	5.41949072E-01	1.08348209E-01	1.02483819E-01
9.42000580E+01	5.41948535E-01	1.08347156E-01	1.02482459E-01
9.43000570E+01	5.41948291E-01	1.08346106E-01	1.02481104E-01
9.44000560E+01	5.41948145E-01	1.08345059E-01	1.02479752E-01
9.45000550E+01	5.41947998E-01	1.08344015E-01	1.02478404E-01
9.46000540E+01	5.41947070E-01	1.08342974E-01	1.02477060E-01
9.47000530E+01	5.41946777E-01	1.08341935E-01	1.02475720E-01
9.48000520E+01	5.41946582E-01	1.08340900E-01	1.02474383E-01
9.49000510E+01	5.41946387E-01	1.08339867E-01	1.02473051E-01
9.50000500E+01	5.41946289E-01	1.08338838E-01	1.02471722E-01
9.51000490E+01	5.41946045E-01	1.08337811E-01	1.02470396E-01
9.52000480E+01	5.41946094E-01	1.08336788E-01	1.02469075E-01
9.53000470E+01	5.41944482E-01	1.08335767E-01	1.02467757E-01
9.54000460E+01	5.41944238E-01	1.08334749E-01	1.02466444E-01
9.55000450E+01	5.41943994E-01	1.08333734E-01	1.02465133E-01
9.56000440E+01	5.41943799E-01	1.08332722E-01	1.02463827E-01
9.57000430E+01	5.41943604E-01	1.08331712E-01	1.02462524E-01
9.58000420E+01	5.41943457E-01	1.08330706E-01	1.02461225E-01
9.59000410E+01	5.41943311E-01	1.08329702E-01	1.02459930E-01
9.60000400E+01	5.41943213E-01	1.08328702E-01	1.02458638E-01
9.61000390E+01	5.41942969E-01	1.08327704E-01	1.02457350E-01
9.62000380E+01	5.41942871E-01	1.08326709E-01	1.02456066E-01
9.63000370E+01	5.41942773E-01	1.08325717E-01	1.02454785E-01
9.64000360E+01	5.41942773E-01	1.08324727E-01	1.02453508E-01
9.65000350E+01	5.41942725E-01	1.08323741E-01	1.02452235E-01
9.66000340E+01	5.41942383E-01	1.08322757E-01	1.02450965E-01
9.67000330E+01	5.41942285E-01	1.08321776E-01	1.02449699E-01
9.68000320E+01	5.41942236E-01	1.08320798E-01	1.02448436E-01
9.69000310E+01	5.41942187E-01	1.08319823E-01	1.02447177E-01
9.70000300E+01	5.41942187E-01	1.08318850E-01	1.02445922E-01
9.71000290E+01	5.41942187E-01	1.08317880E-01	1.02444670E-01
9.72000280E+01	5.41942236E-01	1.08316913E-01	1.02443422E-01
9.73000270E+01	5.41942334E-01	1.08315949E-01	1.02442177E-01
9.74000260E+01	5.41939600E-01	1.08314987E-01	1.02440936E-01
9.75000250E+01	5.41939209E-01	1.08314028E-01	1.02439699E-01
9.76000240E+01	5.41939062E-01	1.08313072E-01	1.02438465E-01
9.77000230E+01	5.41939014E-01	1.08312119E-01	1.02437234E-01
9.78000220E+01	5.41938916E-01	1.08311168E-01	1.02436007E-01
9.79000210E+01	5.41938867E-01	1.08310220E-01	1.02434784E-01
9.80000200E+01	5.41938770E-01	1.08309275E-01	1.02433564E-01
9.81000190E+01	5.41938770E-01	1.08308333E-01	1.02432347E-01
9.82000180E+01	5.41938623E-01	1.08307393E-01	1.02431134E-01
9.83000170E+01	5.41938574E-01	1.08306456E-01	1.02429925E-01
9.84000160E+01	5.41938574E-01	1.08305521E-01	1.02428719E-01
9.85000150E+01	5.41938525E-01	1.08304590E-01	1.02427516E-01
9.86000140E+01	5.41938525E-01	1.08303661E-01	1.02426317E-01
9.87000130E+01	5.41938525E-01	1.08302734E-01	1.02425121E-01
9.88000120E+01	5.41938281E-01	1.08301810E-01	1.02423929E-01
9.89000110E+01	5.41938281E-01	1.08300889E-01	1.02422740E-01
9.90000100E+01	5.41938232E-01	1.08299971E-01	1.02421555E-01
9.91000090E+01	5.41938232E-01	1.08299055E-01	1.02420372E-01
9.92000080E+01	5.41938184E-01	1.08298142E-01	1.02419194E-01
9.93000070E+01	5.41938184E-01	1.08297231E-01	1.02418018E-01
9.94000060E+01	5.41938184E-01	1.08296323E-01	1.02416847E-01
9.95000050E+01	5.41938184E-01	1.08295418E-01	1.02415678E-01
9.96000040E+01	5.41938184E-01	1.08294515E-01	1.02414513E-01
9.97000030E+01	5.41938135E-01	1.08293615E-01	1.02413351E-01
9.98000020E+01	5.41938135E-01	1.08292717E-01	1.02412193E-01
9.99000010E+01	5.41938135E-01	1.08291822E-01	1.02411037E-01
